22189226.7035
12275291.9361
12263481.4964
12261313.1367
12297186.5397
12274967.8064
12284627.6875
12279564.2803
12252333.9375
12281647.1566
12281138.812
12295801.6461
12270844.8895
12361949.2676
12366401.0928
12285723.6973
12307446.0808
12285700.2901
12292932.2776
12282746.0661
12289989.725
12276922.4957
12296963.9691
12277010.2098
12285747.1046
12282696.3382
12286766.2879
12275365.0203
12294144.4424
12272706.0951
12291251.7025
12273895.2633
12292660.0149
12272361.2134
12288654.5437
12292821.029
12286900.8882
12301338.2077
12268317.2244
12298829.1704
12276472.6553
12296639.2255
12315478.0603
12294272.2489
12303003.2881
12268232.4942
12297025.4681
12281264.5779
12284008.1511
24556690.977
12293879.0203
12274196.0157
12280803.0292
12261462.0604
12298334.1808
12273629.5808
12284566.2495
12272483.9657
12285551.0711
12179686.8777
11833952.8308
11828509.1002
12187513.3702
12230530.3796
12210208.4604
12269640.892
12292859.0875
12263218.7016
12288335.5509
12258180.7863
12295713.7978
12284031.5546
12298594.8509
12275426.4117
12292747.8403
12305580.5953
12214681.3638
12236350.8409
12270491.3341
12270990.8341
12285477.9259
12271525.41
12294241.0623
12309742.3885
12288721.0275
12298048.3144
12281562.3351
12282734.3653
12276672.0678
12292575.1183
12282734.3653
12293890.7316
12275776.8498
12290877.9401
12272811.0378
12288358.9626
12308742.9829
12282316.0797
12298098.1038
12279079.9893
12300110.521
12310651.0096
12147698.3088
11933753.9754
11895065.3186
11896159.0036
12132707.4451
12308742.9829
12257519.6519
12281223.6306
12261943.8011
12253434.0949
12338785.0319
12286718.5868
12264308.0912
12288039.9851
12256287.5128
12265824.5962
12278172.9681
12268025.0562
12292289.1868
12262809.1547
12298375.1843
12285099.4356
12283719.1957
12291497.5892
12297818.0097
12260962.6124
12302895.9104
12269471.4162
12267735.9274
12262274.6593
12245464.2938
12279508.2054
12251735.7915
12279441.4545
12294591.3887
12268428.252
12227821.0936
12283818.6601
12236896.7635
12304354.0102
12274167.1111
12260504.0485
12288782.4853
12158185.6685
11957342.4303
11903933.5668
11970442.6534
12229092.7437
12276344.4327
12265512.0681
12279926.3982
12268907.4466
12284903.3997
12256427.907
12270505.9452
12288879.0631
12262960.9568
12278257.7656
12275341.6332
12307022.5483
12303272.5549
12290025.3432
12291005.8257
12280618.776
12301326.4895
12274196.0157
12280750.3849
12267098.622
12294182.5046
12278272.386
12279742.1559
12286962.3371
12260839.9749
12252153.0286
12287796.3477
12274465.6171
12294129.8031
12268153.4901
12272372.904
12276548.6712
12310847.445
12266195.6446
12282672.937
12268439.9392
12263992.6448
12285276.7594
12156931.2073
11995828.7062
11963303.6651
11927814.8918
12281344.6443
12286411.3244
12265228.7276
12295664.0177
12273564.9697
12303092.2205
12276498.9684
12277083.3059
12269874.6594
12288685.9091
12295382.9138
12288297.507
12263422.6772
12304836.3925
12252964.1567
12281443.6718
12303866.0327
12291797.6169
12260958.7851
12286215.4364
12302668.6885
12275177.4595
12248718.2717
12279839.6878
12270731.9676
12307886.5779
12259359.9589
12293738.7958
12272960.5635
12303560.5022
12273886.6835
12306425.5916
12280595.4239
12301810.6825
17852705.3033
12139904.6802
12094254.3602
12102212.2924
12096230.8611
12103235.1406
12104897.7209
12071731.2094
12065931.2046
12077200.457
12074336.5253
12081116.0478
12078564.6005
12093001.1032
12078865.4489
12107839.5353
12065870.8598
12081456.132
12080418.2957
12071573.0885
12067691.6646
12102946.9084
12108619.3764
12101610.4795
12120270.9395
12130434.0379
12117464.5096
12121807.8611
12073540.7695
12103575.2722
12080349.2473
12077465.0723
12072690.8302
12074360.3205
12075345.7294
12081505.0443
12067150.5765
12091713.1241
12110576.5944
12106358.5339
12086917.8249
12117233.6286
12118824.4339
12096222.2188
12085494.3566
12100022.7422
12057950.5774
12091355.2254
12076815.366
12082985.9422
12071077.6906
12078783.2366
12111852.7952
12078733.1249
12065266.3037
12072924.5968
12069717.8801
12125401.4004
12083443.4929
12094703.811
12062396.528
12070320.2597
12102883.6752
12098322.6488
12107404.1349
12103356.2022
12095645.7731
12075549.9041
12078238.8509
12082743.7023
12091546.1062
12097850.1296
12098849.9251
12082709.702
12069473.2186
11842649.0495
11689492.2134
11684652.8813
12075379.4504
12074322.0919
12075996.4268
12103174.6107
12081490.6583
12104923.6665
12100356.8065
12094836.3106
12083250.6843
12074598.147
12095764.1933
12100731.4402
12101777.2411
12097740.6446
12084878.4064
12088325.2073
12080153.6144
12078707.2358
12091603.4792
12102249.7604
12100668.039
12100342.398
12100644.9842
12097305.6064
12104602.4259
12091713.1241
12073163.242
12085916.1023
12094810.3865
12104863.1269
12080262.9378
12089145.702
12074189.8199
12089047.8126
12081516.5532
12084507.1397
12106370.0667
12111950.8665
12089096.7571
12078083.5119
12049696.4449
11828424.5913
11696724.02
11796652.1818
12070149.6946
12094833.4301
12110660.2358
12070632.639
12075716.6998
12068571.0894
12091159.4
12116191.8874
12033519.873
12056420.8133
12081467.6407
12068111.5319
12058824.0248
12067414.9732
12059783.6883
12058397.6299
12065195.6134
12040508.6879
12096320.2196
12059700.4001
12067004.0137
12082550.9093
12085553.4506
12071332.5313
12061026.1174
12071308.6046
12080669.5086
12066706.4279
12053659.5048
12067414.9822
12043681.5145
12069934.1069
12081225.9617
12085493.0107
12088687.9386
12075693.6932
12097302.7255
12075130.1637
12094098.9586
12084348.8546
11931165.2584
11501533.7183
11440169.2204
23514043.2117
12127321.499
12077453.567
12080032.7854
12066762.624
12078491.4974
12090183.2474
12097328.654
12078551.9034
12090013.3726
12075429.1238
12063842.9093
12076105.7105
12080311.8464
23498227.9912
12512757.8765
12355804.1661
12381790.6151
12356250.0703
12373668.2676
12351379.4266
12355003.7888
12373942.3247
12383687.0684
12367820.9471
12364733.8814
12389531.0938
12357202.2818
12376257.3223
12362050.2287
12356600.2522
12370863.9175
12385168.4137
12385242.1519
12411300.4071
12395390.3378
12386464.3317
12373632.9063
12372148.2402
12356350.1202
12362862.828
12348632.9831
12376963.8901
12398182.6882
12370802.0489
12344085.1697
12383575.1068
12383881.312
12355200.9309
12321601.996
12345964.0489
12335750.3365
12393598.6379
12381952.8084
12444264.4967
12445749.5346
12366127.7663
12362520.8547
12380576.8267
12378616.6116
12370999.4413
12395712.7617
12399387.4684
12360277.4855
12363695.6744
12373806.7681
12371789.54
12377989.8919
12363991.8877
12354953.7686
12364342.2777
12383487.7795
12365101.9669
12370393.2563
12347238.9176
12435573.632
12356509.0264
12491924.1749
12349146.4425
12431736.1052
12381000.3519
12361701.951
12361747.4098
12500988.531
12392085.8799
12453719.0774
12365767.5212
12384298.3484
12387863.9487
12376007.6792
12355003.7888
12357334.7107
12548585.2148
12071524.2156
11992984.5063
12399932.1145
12385153.6662
12340583.6175
12375164.7359
12375636.2984
12373359.6676
12492437.531
12365190.3107
12361825.6081
12370428.6085
12375279.4984
12430375.5635
12387808.7194
12373880.4398
12378207.823
12383639.4979
12382085.1303
12405481.7933
12376463.7354
12379121.7438
12363520.1449
12355891.2864
12416187.2301
12372322.0806
12504317.7466
12376563.9488
12364718.6166
12451760.2152
12369034.5618
12346190.238
12372581.377
12383425.8425
12363682.0869
12358008.3922
12382818.3029
12352198.3381
12369703.2889
12366484.1236
12377223.2813
