106982376.893
83435897.1193
85276709.1719
82570089.6278
81803075.0917
86591315.1308
85210386.5052
82025963.0359
85274144.639
82575165.9022
103382946.751
90791424.8996
88432228.8096
81725002.1248
85054243.2059
78944525.6624
82958324.3924
85097931.824
79243695.8693
83383916.7764
85490484.9123
82309735.1549
87176622.2718
86381006.2267
84969349.5389
81655447.5456
83418510.5729
80712932.7871
83834036.4695
88961840.3959
86929142.9936
85416300.8914
81089459.7872
87015161.7959
81296322.0795
80125158.5405
82962738.8906
89405096.0434
80997836.0462
84494739.396
84706794.921
85043781.6124
80849057.0643
105204785.574
86451860.9558
81474169.4093
89697606.4207
81430345.5359
79617143.6444
87060755.6557
88147668.0899
81750527.1264
89339997.2246
81867209.8553
81660021.597
82287998.931
84672193.4105
82253850.6754
81609876.0547
81799725.7757
81998169.9488
81468596.6068
82728687.0781
81857169.1231
83810711.7473
82228492.5027
81965290.2226
82819493.7568
82245926.9377
82197668.4983
82263976.8615
83672637.7927
82431620.4018
84182352.0155
86327943.6228
82159742.2293
85848248.0842
83184785.2052
82129621.948
88852105.1848
170804557.78
80642167.3646
80920802.0864
81270555.5974
84365898.7054
85636656.6646
94937458.8995
86298484.1631
82589660.181
86336461.4476
85835257.6133
82958684.9168
85377787.7597
84357618.7374
82204724.8041
82497484.6166
82201706.9282
83825094.5006
85681386.8184
90988655.5546
85215228.5554
82550988.3866
88863687.3787
83395216.5173
81413114.15
83075236.5136
81692270.6539
82463961.2869
88220455.6195
81078344.2252
81605398.4741
82790004.4523
85438863.9755
88058330.2247
85851601.2665
81374218.8101
81337949.7396
81375330.0951
80940428.7324
81659266.4732
85264138.1193
86497194.9714
86573012.4987
81447988.1857
90291786.1837
82199180.8451
81127959.1623
81181407.3603
81420545.9061
84164607.961
81405468.6306
82983428.2995
81457954.0403
79586041.6255
102577881.346
81216010.0428
92080431.4005
86132730.823
81881677.4723
81376923.6116
81306456.7918
84527355.721
86988418.1505
81562395.9925
84662640.8385
81256671.7109
90974688.9072
89684700.9274
82637894.589
80799214.0568
80774968.1133
87347662.6251
80042830.1792
86710051.3157
90229644.8977
82290734.5163
81421214.911
83330039.6843
85042183.8781
83332472.2006
92035080.3872
81574205.773
82810529.6333
81246760.3077
81206231.3982
81410069.4048
88463738.9253
81505940.2522
81358854.0313
81104897.9783
89754520.2074
89274070.6345
84632119.6855
85837044.8874
171944741.461
85089712.964
87685032.4738
80357444.0558
80683825.4396
81113969.8287
81161641.0735
81249654.92
86141428.2468
81352198.98
174699463.499
85298215.1241
83647818.4008
81761165.0944
87788133.945
81547092.0987
80496048.5342
89220316.5493
81290993.0618
80965495.6831
81118972.0896
81112257.736
84529999.282
85229241.5294
81230932.7826
81043179.1331
81388141.4929
81010387.3538
85958473.6201
82272385.182
82160859.5686
82138330.9657
80943919.3267
81020689.5449
89926053.5757
87786234.3623
81792475.4218
82437149.433
86223752.4084
88875147.5676
90145196.0066
81300426.4628
82680839.6001
86863039.4331
58956219.657
82755500.4531
72432965.468
139153849.676
44480493.9355
79157213.2884
43170054.9229
71611300.7409
83029379.9772
90391463.0932
81070554.579
84079060.3564
79241099.1757
72653736.5271
81466474.0145
82903568.534
82596110.773
82568988.0471
83715638.4806
82590705.3877
83851920.6281
74990675.6505
58181732.7415
83226279.135
54295036.976
65263666.6396
91500908.6114
87199239.4508
87089081.1106
81865297.8568
82631636.5688
85141112.0964
79901647.8805
78654844.9423
61376192.1327
81435531.2667
87972675.456
81502038.9777
80790749.5065
65999453.8687
74518528.0956
63381218.8923
77468620.1833
82336785.4642
81648520.1875
82958766.4777
81529618.3027
82105095.0072
80688992.2367
77822801.2754
76949219.8716
83699545.8194
80033527.1132
84560166.1955
80871156.6914
80699899.5995
93372703.4449
81029244.2716
93193833.1764
92906068.7959
93754032.4513
83671217.6045
82993335.6093
90398068.2319
80282957.1102
91621947.4965
85495841.2431
84472029.9839
81701419.7595
155181513.076
58453741.6847
45997230.9411
65975604.6131
82382386.6879
80438684.2978
91300939.9695
83458356.5063
81769421.0568
81857330.2702
80249943.7947
63827149.6885
80594848.5416
81308476.9296
81693880.1067
80908129.814
84360486.8714
83680267.9798
82332895.4776
81726509.5986
83127801.0027
82926292.8246
87962213.8402
79650556.0277
81293217.9843
79386731.1139
82833981.7868
86311676.604
79898813.909
85581464.9819
80396404.3861
81120952.9141
89860782.6339
79866378.3455
88698098.5289
82773965.6687
80831397.1613
80275544.1596
76639608.2361
82732796.2077
81222810.4599
80343731.8483
90889265.3299
84171546.8031
72376459.6043
42179260.9775
81829356.1458
80222963.2004
105714351.126
87640713.2662
40752227.8867
58139114.8443
78943984.4954
37532127.5318
69305903.4994
80993434.7815
40440452.756
69656763.6082
79766650.0791
81544737.1509
86538208.9143
79918840.7965
81262051.2182
80212505.4537
82000767.6478
74462842.7429
83979913.1224
84815407.3243
80280382.7716
83324884.063
81117482.9353
96596649.7658
82499408.2968
83992596.159
88795240.722
75106747.1716
79747598.1607
79708924.5622
77466484.3671
82535728.153
77888052.0562
88605955.2828
80682171.4339
81219871.1352
82292858.7911
80938503.0437
85138277.0773
80841601.073
68472888.6905
84199784.3843
69574989.3681
65163469.0968
67935515.492
80017024.8256
81766970.7356
83845515.0766
87574106.5396
90182157.1478
82984916.6392
77939612.8125
82716912.5969
102671800.966
98062442.8839
83426199.9913
80726484.426
89773928.5175
81408009.2284
104210719.699
81636133.1385
82546896.0756
82942314.0034
81355459.9102
82845116.9245
80547254.3183
82269301.7047
82892551.2966
82914959.2719
81817112.6845
80571071.424
80387897.1942
81520342.4146
94158208.0019
82880298.2705
87784152.209
86409707.7813
84352662.6086
87590785.6373
80997627.324
99998030.0166
81650576.8462
81298091.1216
80886585.3843
80757461.315
83689928.7142
83978459.5427
80695860.6764
87142299.8595
81599174.9324
81911876.4374
80946929.09
79478400.2244
80317057.3
81706228.3974
89105637.2666
87165232.1949
82012220.9463
90312379.5123
84335410.384
84803649.9306
81011480.9956
83130994.2768
82548383.081
86211479.1379
80886883.8528
103215820.469
80621504.784
82066875.3689
82988601.5713
87952378.6492
91129706.2483
84255862.5839
80484140.0067
65838858.2176
85458570.147
85335288.0388
81019708.6112
81492229.0101
88193981.6938
88119468.6817
86716214.2411
80822683.2548
80966912.7757
80000930.2124
79909408.2277
82854743.8626
82007861.7911
80034894.6184
79796295.0461
81994387.0387
85493135.6777
82964375.0428
80531845.0855
81011260.9663
80961815.8969
80102375.158
79285693.491
81605107.0112
80949534.7974
81316270.472
80074019.7575
81996950.8371
78797403.7189
79379982.7286
82520020.4641
81556706.2657
82600029.1061
80641941.0042
85350276.041
80472937.934
81130264.8797
95222225.5304
80627931.5166
81309470.315
81629068.4359
81771626.8644
85360911.7773
82264356.9743
24976963.3572
60917565.9287
73344984.2568
43110933.4735
44986545.8564
50630979.8544
45970471.0567
75424753.0827
56692278.7497
32787330.4384
29861127.4691
42276483.8686
34602064.0092
51275147.9103
43078053.7587
50694368.9401
24018099.5839
69248894.1759
37855671.7283
29228451.2216
76962049.4051
84347487.3441
78901223.8973
81179790.5965
84063492.2798
86485292.7027
88060188.2488
81753311.3973
78550933.2154
70292776.1848
53373236.8448
63141549.3562
89247946.1053
78384399.1452
80450409.2681
64257744.3064
53297642.3406
17466264.013
45856473.8897
58915828.2304
57280626.5811
68518507.6495
17336986.8934
39587784.5536
48666487.3997
79365781.878
81657758.0862
44676853.5434
70458585.9677
43696698.4381
42715152.1563
21830914.4282
50527212.1335
81059018.7088
75820588.4773
65830599.7716
43834049.78
25037354.3596
63287506.9858
26100839.4681
8461568.39995
8137195.14464
10414371.9655
6962957.47825
8919026.77255
11049558.4012
10950645.7834
11000555.036
9633438.61007
8841872.08401
9968849.28227
11781390.1622
12830129.8716
10609525.2078
10479576.5987
8201384.33355
9357532.52814
9914749.16779
9502763.62323
10023484.484
4527224.1474
6017199.85651
8526769.0775
11001380.3983
10419660.1808
10544649.557
7657228.31832
7444975.32593
8852155.03156
11650892.725
9148655.86574
7774301.34673
9177335.25529
10877228.3467
11521178.8651
9698443.94764
11244719.8958
28563440.0606
77001704.7693
84826810.1076
70401102.4912
80511490.3508
79170674.137
78239592.4387
73497861.3611
78146871.1963
80727948.4481
93583093.1894
80051126.2274
76841876.752
82006344.5031
76199445.9011
84218783.9654
80551079.0092
100950622.923
80345062.4617
64163008.7665
70850835.3786
79692041.7064
93284564.1899
88643488.5671
82713531.9296
77141198.1632
68530343.7059
79862553.8339
76037144.3411
79179431.5041
67003826.2523
79463866.7261
75435116.2315
82444287.9688
78546928.4194
69045049.1439
75212362.6949
67881026.1037
75044432.0416
80521380.3123
77617034.0049
75637698.1948
70078754.7587
82595016.5546
84577131.0038
84746043.622
74815592.3261
77125826.596
78214183.1653
80617934.2919
80293757.818
73097638.4123
76872580.9949
76427784.0348
68066948.1947
80690099.9577
72915709.3052
65646741.1839
80408150.9444
33092420.8613
31360422.5001
76630953.094
65130507.0
48088143.0665
67735444.1621
59122688.2347
80458432.3915
58481880.615
80697487.0489
45410175.4183
74643578.2132
82283787.9274
68991672.2464
69415416.3363
63364191.2879
42283871.2565
58744967.9759
69110917.9194
67847119.6996
68215176.134
56336698.06
88718646.9354
66786619.9682
84097863.5076
81999010.8621
81479164.2487
82783342.5361
81975454.1484
80916366.9316
81445633.1996
88827485.6782
95245463.6738
85789969.1939
86892990.2285
84264367.0124
86226414.4047
88175894.7146
50882711.5032
70374838.2088
79898985.8417
83846106.4866
87969716.0953
82860863.2117
78608533.214
80875900.3584
74419894.3011
74468453.165
80985021.548
90086831.3104
70948867.669
42685657.418
56638401.4566
74547014.8044
83323651.5316
80431044.4838
95301020.929
75887490.0697
81304726.5093
73310166.5747
91220041.9343
88747572.8203
81887026.1261
19657089.6323
61730716.7158
73980212.799
59817374.9838
80317434.1226
55899399.7602
40966430.0217
75200995.1745
76958069.0006
69015869.6528
52731977.9357
69120916.2672
27791389.3852
43511364.657
80229997.843
56968887.721
83432492.7116
84657093.2484
59276423.1246
80800584.7676
80434441.7085
83222627.9195
68210024.6219
80426899.9568
77306369.3174
78448988.1439
86046338.8619
86242522.4624
80624755.1235
80577716.6409
83917019.7273
81199322.8345
79535004.4599
80103480.9363
76700682.9999
81678077.2376
85320036.4717
80736378.7117
79873639.3108
92473463.0406
80684686.5676
89441926.4651
81248287.6737
91265215.2277
84647659.1113
80567323.2281
91602087.5949
90738286.1238
101419936.723
79833171.6924
85181548.0277
94011081.938
87350111.3242
79263122.3589
89163994.704
79945737.3418
81231117.0992
78285424.6625
89919851.4164
83064590.5602
79471310.1178
87162647.8789
86909779.9219
47002166.4858
78206945.164
56291803.195
71064782.8995
77870791.0973
76239892.0789
82929294.3235
84144022.1028
80623360.4064
78909576.8768
83730217.6254
84308557.4795
83044143.1435
78505397.2326
82524853.1032
78649935.9508
79227360.6828
98892960.675
81917553.2907
83198805.3047
78855129.2056
79425182.6878
79494072.2209
77616339.2405
80265058.7767
80315653.6889
70220825.6718
77321159.221
80062978.5206
84139337.5373
78409448.8834
87895873.2837
80674630.6858
83019200.4075
77650623.5865
78662282.7989
83052541.9091
76841228.6754
81024625.9714
81174179.5601
80136600.4649
79830143.9697
78272836.3522
77342679.5017
82348706.4433
81852196.5448
83947972.0581
79359157.565
82359420.4835
99796169.3004
81552360.1862
80327561.878
83651582.4755
81874803.6671
88943100.8318
82189330.2111
74520893.1762
76527053.8251
86837543.3475
80810971.1793
80514496.2672
89949749.5772
88703570.6777
80397391.1844
83665348.4513
81699200.2138
82577234.1402
77877276.8575
79548141.4045
75969397.8529
51967714.7714
50882856.7651
75261282.9912
81485972.9651
70472235.6355
84089915.2674
71647769.2427
81721067.3181
81952143.503
83345641.0047
102826179.348
80678681.9297
80543258.6839
77889184.4572
82232565.0098
87284199.6846
89316354.5844
81472742.7013
83614442.0418
87162875.9106
69285645.023
46113678.8662
58476527.7826
67450971.0863
56513541.0332
62265821.6716
79222282.2119
81009248.6782
50898961.1172
52124751.8216
64293542.7843
81086360.4492
25029966.6902
73741663.6832
43670455.6263
54422984.312
83717773.8531
74888362.0188
67393369.5398
81321133.3429
89429734.0064
80063765.9599
86343428.7301
82819996.3866
89151489.9924
94026233.2965
78882351.0163
87033161.8243
79944846.1073
82725260.667
80257747.0634
72602813.8848
80015820.0599
81929499.8585
89314649.1338
78780934.642
78683397.6776
78721219.4594
80098069.7751
80513965.2218
82504474.0192
79070838.7969
80689612.8642
86829806.9066
169852042.546
82270136.733
85541830.8873
94559940.1369
81322276.818
83640463.3603
82289788.6425
87430873.254
81062489.6437
94650467.9232
83265348.9487
83755479.092
80523663.357
89230157.2762
81677272.1073
81075328.7328
85817973.7025
89529209.3431
82028081.14
89797593.416
85685389.6552
82815059.5452
86649496.5984
80845860.1368
80752869.6178
83200671.7609
88562128.0635
88640296.0074
82724148.0233
83503740.554
80946428.3244
80977016.7634
89052770.8458
80129856.6331
92040109.8586
79735654.6243
79928683.142
92152644.5351
83628451.0629
80052219.5828
81329114.4813
80438409.3002
93171336.2812
87910519.7016
81412781.2768
80098303.3044
81103451.679
79724738.162
79690285.5035
84189909.1009
80687351.3154
81398119.1769
81660521.6831
81341607.3115
81681715.0426
81721780.2524
82267549.7272
78957465.5391
81193931.6196
90092283.1908
93249383.5531
81324549.5346
81760299.6699
79272101.4672
83009128.3706
82764881.9045
89145133.6471
81783618.0918
85701148.3503
81765045.7414
85780943.8764
82813271.5048
79836308.5179
86189725.1831
80326836.8609
82088562.4152
80609841.8891
79577327.3999
79414927.1982
93580411.3369
96255889.0804
89155229.6669
79805684.5895
85872273.7563
83607557.1625
80333546.1443
80035905.8756
78651516.6757
81357202.4251
80419880.9455
80630144.8086
77311952.2585
80303350.4329
101686489.16
79765460.7381
81187334.2069
87993810.4179
86095752.6332
93246817.3285
79324795.8149
82193777.5356
82663434.1372
81552468.1911
80109161.0559
80086175.1124
79936834.0093
85360567.842
93121729.4153
82495778.9237
82257191.3742
81139606.5146
81776791.7783
82025934.6868
84178667.9469
83197522.4298
79326319.8172
94738866.8848
79661676.9171
97363936.8312
81743366.524
81895256.9786
84823513.9499
82118637.2721
79716990.7191
84038167.4453
80303036.4376
86951810.3056
80879511.0173
96255065.8658
93255424.2564
81645458.307
82520822.4471
81803535.9912
81149853.2118
87969805.5276
81422309.803
81822218.3468
84228459.7681
79340568.4314
78273282.8662
80904421.211
81241468.1547
79252515.2015
81359553.3221
83869401.2097
81280138.7004
82407596.8844
81245316.7893
81341169.6051
80349935.8878
80429483.3268
77875871.2749
83490160.3287
83568678.5346
86067093.667
82761269.8761
81220234.057
80030458.8179
85916560.3766
85348812.6873
81832321.003
82300565.3299
81571900.7786
82835295.3298
78820296.8912
80464202.8649
80466675.4032
80968814.9425
86099780.4923
79763741.1452
80887528.6226
94027810.5731
91620517.8869
81494433.5242
81072126.8664
83545501.5423
79972666.0204
80144269.0877
79346399.4902
83103663.8572
82725634.2911
84250727.9951
81997872.2187
78188649.3684
79738816.0258
81230921.0246
81199564.6064
81101290.5577
87400105.8035
81116157.4261
81378871.0942
85258968.7256
78831350.8317
80603758.4226
82841688.6253
82266918.2973
79155444.487
79993285.8218
81960349.4865
90863708.263
84547667.1073
80377157.9722
86243765.8257
82577152.921
81329140.0261
87405466.6063
80726870.6492
82860839.2081
82777136.8714
88716628.2824
79873492.4152
79886159.9551
84382786.526
85996483.8763
80505111.7047
89312748.6409
82694293.5116
86626754.3045
88813792.0994
80257190.5782
82116462.9499
80646198.7805
84914379.6961
88762792.4108
79795055.3602
80290706.0723
81993433.8163
82591530.999
93729956.4082
94101401.3999
79644887.1893
81316777.9702
80685001.2644
80387082.2297
79943087.8468
83323702.8076
81110792.0958
84583222.166
78610779.5771
83352594.4603
85515500.3253
82763236.0518
82775570.47
90206932.3415
84529527.1004
83071225.0684
83609898.3299
82911514.7718
81199498.7675
82816785.8334
87950733.7997
82561374.7262
79862889.5176
83283334.341
78756602.1845
82823357.0636
81333067.0866
81474971.7246
83534809.7733
77424754.9008
85487029.39
83298093.1779
84421367.7807
80400230.2542
84885286.7875
80535741.8093
79947054.8459
81199582.2611
81647161.0039
88751347.6958
80646196.3722
80731369.2183
80859381.8327
78188069.0748
79243021.581
87481608.7113
80756554.3408
80466509.2601
85165437.4368
85580163.1895
80798261.9749
79202170.9798
79644974.5781
96451541.7468
84179191.6777
81668720.8801
80453168.2772
80728906.2216
88175720.9415
82685056.9416
84250532.4511
81542829.4651
82612956.6697
79197974.0189
80801807.4739
99074135.2953
79626322.0659
80631631.9649
77068029.93
79306807.7115
80364532.3888
80541968.5427
80391784.4265
83370970.9499
78930016.2074
80127005.3218
82745043.2822
80359935.4531
89078484.8461
83074798.0214
86545199.0158
84757545.2462
83321725.1448
77473296.5092
87681529.918
81270150.5038
82513407.3072
80885609.1808
85421757.3815
80689239.7282
80819081.5095
81201815.1582
81711074.6355
82179235.2361
90961848.1833
92751694.0438
85721533.1451
77576490.0431
86091727.8729
80757728.9754
86148326.2453
85728337.5037
89534125.8563
88313029.6377
81159394.9715
81795588.9996
83163398.8119
81538864.8578
101649507.077
80380488.4364
79828220.7902
85943888.5225
80793987.5716
79801497.2438
85899163.0835
79673070.2386
79885848.1099
81620314.581
81409610.5438
83247058.7754
92662425.9685
79258049.0032
87422080.4355
87494393.8169
84517683.1553
78196028.7561
85366794.4264
99022643.1068
81640484.4828
81017854.5085
78972360.6287
84230084.7019
82625981.6643
81116593.2308
82363733.0056
79512338.3072
82910520.9876
80570164.3873
88456996.0343
82671133.771
81679023.2904
83373298.1469
84771455.2044
74833744.0692
81698071.5699
83498672.2409
85650399.0235
81100130.062
79848460.2782
83091974.7295
77049262.7488
80567877.1064
80229867.618
78215840.7937
85432759.9473
86716148.7245
89540759.2744
79288589.7421
94652445.0983
82392809.557
80490352.4622
78309940.4018
80904080.8595
91042796.9764
79654004.0555
83722576.3408
79780738.6744
79803060.7983
80775526.4931
92454003.4351
80921832.9411
83928952.6605
172390803.83
85696193.9029
81464193.1377
83020465.5478
81203086.6298
84879372.9432
165913643.085
85377268.4685
88989806.3373
80906352.6533
82397876.6386
81063989.8616
87248314.2525
79811058.2377
80315287.7883
87627010.304
81645713.0918
83625292.1059
91813639.935
79672676.781
79393650.5717
86290328.1849
76833371.9805
83844341.5766
82611418.3071
88361954.713
83157559.5471
81031361.3359
95975191.4868
77322796.4546
81180372.7883
81180151.4047
80850374.8901
81235377.7531
79452804.6496
82651237.9486
84721474.424
85879936.2802
78893748.9961
82997406.4001
82659243.2506
86659563.0217
83999550.0666
83742856.0459
84034303.765
80880703.6394
92398632.6578
89881151.1866
90590194.6074
80023428.111
83832208.9497
85699728.223
80442351.8082
80285112.6059
81318108.3178
84901390.5513
79540637.676
79007868.3977
80808986.9
85204052.2794
80572489.6165
80594096.1897
82884555.7145
81186186.1896
81472284.3432
81711566.6589
80252172.4433
82227707.1686
79917859.6481
92161042.0052
88159932.4314
84424813.7296
80658030.2998
79370630.7232
80198209.8573
84910999.2054
84035593.1624
80377225.8489
95363543.6615
84470385.485
80555353.3325
80518729.351
80806754.3453
83738439.9014
84881830.5962
87799168.8951
90036286.3115
82763393.7448
83522650.7255
79466044.2648
81502475.0318
87751932.2464
88145357.0766
91838898.072
82764209.9584
92937475.9767
81883277.708
90120468.0843
81188163.373
81626147.5487
81711470.3657
88107275.1295
88504619.4307
83369646.1613
81052103.3918
80948047.5389
85053331.6748
88807581.1924
85163723.1569
79204850.1137
77548309.1983
81027278.9617
81101421.0748
80887699.8598
98071990.1178
78530737.2998
86130340.9132
80446113.4864
87519336.0277
84200321.5817
79023179.0089
82366074.3994
93997271.89
88148669.6817
86140812.8568
80171701.7495
79866281.1092
88688027.6018
93796772.0018
80640570.553
89768127.8767
83515733.0367
77173292.4302
84976483.652
86587153.2195
80689590.2277
86158253.932
81368038.7395
84255098.6967
86594292.3894
81280822.1564
80874948.7456
87617579.26
82384814.5388
78561239.8366
80670587.113
88882667.6182
94091111.8055
79641478.678
78286810.4646
83127827.0318
83329047.3419
78911257.1934
85245740.0219
79879760.4144
81895219.9983
90671484.8849
82817995.7662
80312974.1191
82491117.648
80600292.4984
79829907.0715
79735450.0175
83494546.0259
84129182.5425
84756067.1177
92507844.242
79449888.4226
79683931.3621
81104702.2113
89459847.5604
96464688.5186
76235706.1334
83424766.4148
83395626.8239
79329356.1338
84858716.9033
85624947.1313
89697552.8833
83003878.3077
77973505.0214
80041843.6778
79464984.914
98353044.4544
79474581.9009
80370726.7598
81845958.8652
81197008.4015
81418611.6623
82383442.1322
82174946.1143
79092420.765
85868164.6768
93556256.5522
92961365.5802
80971937.0178
79995396.6795
80399973.6928
81178657.7545
78827165.8237
81758785.587
84544164.2869
84173573.5162
80706298.904
87447774.1589
81891839.8449
83689673.6171
80173016.264
80589539.6065
84545926.5058
86132060.6713
80481810.4254
81372457.3271
80062522.2155
83955676.2693
83259474.5305
80666614.1121
83406364.7282
79005087.3747
77842219.3178
79684641.447
80115379.7692
81294432.0493
84124338.4082
100745320.408
79707083.8976
81956897.6437
80138984.3816
88552809.7494
79682448.9429
91001894.2765
82269349.5668
95301014.4094
89440563.2803
77374564.8372
80491613.7327
90833309.6579
85968162.304
82414098.4154
80147838.1639
79942884.3019
79554018.4659
82669597.2537
80244375.7314
103311989.681
80556880.6916
85841186.6253
81247829.1193
81395099.0192
83392655.6371
84002817.9188
79748564.3184
86624625.9276
91001122.4211
81483846.8333
80987539.4543
79194492.1768
86092539.9617
80276189.8184
81589949.7729
85628355.2181
79133956.7898
80086369.0797
88932156.4303
82103366.8261
80921726.7074
80681959.226
84763473.7589
82709746.4644
82258854.3974
85445334.4775
81544522.6448
78385246.0166
79509638.3629
91448041.8291
83781262.8806
88667261.2531
81236627.0921
83137172.4921
80912155.384
79393376.5668
87547723.2184
86695200.4087
85298485.8848
78579592.235
79476589.2069
78246123.2238
80246451.8781
89631441.9171
80495662.3897
79056081.7974
87817628.143
85341717.6872
89921240.9178
80837064.7915
89165766.6112
83576186.3905
79700382.7905
80327164.2393
80852001.5876
82486951.7469
78962708.254
81119406.6028
91687069.0127
80750915.0405
88758539.2784
81665164.7117
80800161.6904
80901582.2477
94447339.5577
81649789.4242
80926721.8583
84843900.1214
84244129.708
82035520.2324
82437029.243
85838284.3186
88696466.4777
86254556.5929
79146059.9592
78214792.8547
85969160.3858
83583422.0781
84247593.2079
83032957.6052
79964911.6567
80627022.0095
80276081.3792
78219155.2763
82108286.0562
81081919.5508
87518696.1076
79413081.9266
80437520.3716
83718465.1937
82668484.9841
84654399.004
80511179.6834
82606391.1879
81858233.4035
80607135.8405
59151547.1719
80302679.3304
80676679.9768
80917379.5535
96118487.1177
100428734.956
95073401.344
86628379.7962
92379907.1942
84976292.0599
86998442.7334
89669918.3328
82016472.4401
80111799.3779
87140255.7692
80656274.1021
79148277.3164
101337171.758
82193114.2643
94951486.5927
85069599.4857
78910716.8534
80357906.66
78625858.8922
80818597.6186
85517570.0696
80340215.6579
79657949.3158
87105359.4764
78918244.5246
79989244.8649
81750428.5948
81326392.836
80907924.7298
80089752.1417
78308088.3914
81579321.5038
79783108.1821
84228000.0183
87858818.3701
79876210.2683
86984631.58
83332374.9719
90259290.1712
79714989.9615
87648310.9083
79606106.0764
80771929.4357
81969696.0738
98690205.367
84748102.8799
79124948.0858
85245333.5128
89840078.3102
80779141.3829
84282272.3378
87402914.0482
90154786.1845
81795014.0676
80628070.8403
63203407.7141
81256586.1219
80499382.712
82865934.3102
87345470.494
79020787.4086
83828471.0164
89575406.2913
79695162.1095
79879243.4616
80473784.459
80218934.2021
84613950.2295
80312801.9486
83919823.3548
80474945.5925
84390007.775
85675081.5729
88825733.4075
83413750.3089
88526549.7922
93182231.4087
80295187.8237
84099246.4482
80990166.407
81575288.7028
84323641.784
83627953.7395
86021375.84
92881478.416
81089488.4162
80685625.619
81004147.6152
78879278.5231
82277962.0501
79920891.2829
82035991.3764
81729751.0825
80643661.7235
83017650.9995
79715662.9308
79363075.8427
81539081.102
90618024.6923
83576392.5668
79814151.6971
79848190.3818
85538083.4346
80100190.9004
82211290.0665
87119280.9658
93351031.1807
99939990.7101
87554165.4752
85583858.8311
84921831.2359
80236707.8801
79259256.6834
79181457.2462
80017472.4577
82041420.3608
83911660.6038
82973515.0095
82198857.0578
83868609.275
80394340.5449
97965079.5955
81941143.9119
90605120.8562
87165497.3227
79689093.7978
80004016.9398
82322011.6203
82489571.176
82521333.611
85312366.4058
87236880.0369
81620482.8666
80196413.5216
81374919.6745
90267699.7171
79183391.922
80157176.2291
79274230.0591
82295113.542
78657044.5911
85401980.6191
80043573.2848
79982442.9002
84212026.2672
84214579.1537
79760329.2735
80505928.311
88631956.3256
87058534.0285
79381451.8008
80507165.3069
85041175.8499
81068715.5329
80921712.4784
80149965.1615
79488169.9407
87493205.6545
81084309.2024
80205404.5694
84835355.5699
80989813.782
81615022.8584
87551945.4078
83726302.6998
81950553.2134
80284425.1243
80646973.2648
79733143.1615
81469767.2049
82938529.4619
81239087.5526
103026672.137
90705075.7416
80593418.6249
77393173.4347
86275139.4985
80719419.8534
78941956.0226
81172354.2491
87094610.9927
78982864.3786
80102109.1521
80962085.9816
82379953.235
80237391.4558
79590048.2072
81608055.8054
81678857.2453
82163872.006
87756901.2293
78239483.8326
81242799.4325
84782756.6487
81259763.9843
79513333.0875
78254674.0384
80669598.0124
80385578.0931
80653179.6339
78940234.131
85563767.6354
82046052.021
80749669.5966
78668660.1489
80094380.8198
83267412.6768
78513567.9473
79435154.2661
78978098.6781
83841641.7742
80366376.9588
98154751.7824
97844060.0728
92472988.2541
80845321.1075
83326811.2244
83557996.3973
82481383.5616
86469373.6854
81299918.2464
80912460.177
80765960.6595
79696192.1641
79406292.5302
82571862.5756
79714281.2783
83421400.4446
88734216.855
80480764.5892
87203974.0463
84581699.2135
86771887.1066
80965415.7327
83042264.6412
85593860.7933
88244007.0015
83061939.9538
79169722.0869
81278156.6546
159361042.937
86300540.1757
81669187.2249
79526936.8892
84411363.7827
79788215.4401
82106366.5123
82229715.5711
83250592.2676
78667519.6234
81649896.8601
81210605.0776
85938113.8488
79103339.8994
77951218.8968
80733332.3031
99706515.4984
86379066.6486
85720698.166
102406074.301
83363090.4884
79782493.2931
80930245.4245
85392823.8189
80316852.7595
81186608.219
84700818.9381
85465201.7029
100064908.272
79651865.7512
79880957.6858
81976426.7545
80065733.5841
84036326.8505
87307748.4476
81616303.4897
83000496.222
81590763.9825
76450535.2757
83658011.3861
87930888.2826
83727771.895
88541245.7891
81174583.5675
79996350.8923
82805575.4432
84038911.5276
89423489.5437
84222353.5514
83965344.2249
79649370.4659
84549703.6581
86935330.9514
82943566.0002
79427353.7167
81718708.6485
85700417.0156
84622768.8261
81115622.9544
84425441.2675
79780066.688
80028758.7337
81265734.8473
87154742.6709
83231759.2702
79950538.295
88034372.8268
79388220.8109
81591676.0911
84700472.4267
81296951.5859
80086695.5766
79582837.6313
89740246.2587
80739400.8149
107165872.727
80260526.711
81538072.8465
79823105.7462
80912895.501
81496870.6733
86428220.4616
82114112.3509
83245830.4864
78432765.6566
79685710.2149
84931275.087
83753426.5499
79195753.0456
85719669.559
96975187.0493
82457519.5622
81004921.2035
79833554.7274
87227235.7166
81180426.7293
79435808.2767
86810095.3178
79628642.2385
80489696.3934
81674249.378
80280984.5571
80757596.8929
86709470.7018
86397573.7463
84953918.2261
81042501.5401
82627567.121
82011002.6109
80171467.5076
85313793.3342
89601900.1309
83116546.7948
82456940.3671
82173274.2169
83440434.2386
85723468.3518
78927463.4734
85554599.5703
81643168.7359
80411317.8817
79231606.9237
89204024.7713
77958498.5705
80849790.9852
79988135.598
80627748.0273
84778016.8676
82880216.5766
84751196.4567
85112109.0903
80179903.9334
81721983.9131
83339640.0658
83860611.8102
79528972.0782
80827506.2871
80950549.1679
86923789.3161
89657794.3156
80459689.1853
81194022.6938
83230477.2329
83791556.106
81807797.0526
79372387.6408
100051235.572
84439846.1229
82305137.7979
79875351.0719
80707029.9488
79059970.1881
80256665.0609
83561416.0775
84384309.4191
80201878.054
80830396.8528
82735356.8743
81611985.6588
80610127.035
79718292.3095
87004661.8988
81221033.2777
81709090.0676
85415236.5697
79271503.0499
79545575.5207
84854543.3285
80742611.1118
80491934.6975
80949265.4674
79822426.8926
79469320.1158
80877005.667
79143222.6787
83284979.8401
84747660.702
87184914.1353
81288496.4564
90220858.5528
88557363.0333
81416890.782
79721225.1489
81313461.9948
88654193.5026
80410357.6675
80361466.0046
83308759.5187
88346497.3436
80818309.1454
82189427.8589
88983916.9091
81549418.9199
93069555.109
85175097.1395
84488631.2133
84019028.5314
86908840.0434
80090656.4397
82087617.336
80583887.237
79856559.215
79964481.5551
82216960.0263
83585169.3235
87841323.4771
92188642.2656
87877509.3212
81388893.4448
81279365.9073
81649017.972
86931806.7515
78298303.4166
79853394.3015
80542681.8274
81019005.9078
78830050.1227
81697659.6526
104476084.048
80479281.7081
83092700.4926
74897919.6726
84216652.9305
95267815.3704
83786507.9567
91863442.3077
80101991.0486
83902759.3696
79324425.0999
78713027.1694
82590396.2464
79768418.0644
80163033.5719
81817090.4564
84762544.5521
79614482.1707
80932679.8142
88294057.8663
81649503.1788
80049647.213
79500462.5972
79646385.4777
81332036.0025
79945324.1722
81897338.4797
79217952.9593
83769184.3696
82558675.1491
90621974.3696
77775465.6523
85590675.5991
80815769.0144
80176699.8049
81063334.9125
91408443.8681
86764415.0164
86975446.7476
83961061.837
82369839.8047
89709178.1719
79057110.396
81254487.5473
82087278.6635
83879708.0836
84913052.6216
82661879.6068
83422890.102
86760975.949
91052456.9482
81049754.1292
87817470.2071
83295763.3483
86453059.678
83194015.8592
80892856.2262
81634780.1331
82225957.5378
81061873.6841
81122845.7295
81674315.2023
79585137.6054
81662418.9801
92462767.7009
82715422.3017
80497273.7015
89661332.9954
79917536.8084
79869841.2492
82641866.4186
80421301.238
81414354.913
87901042.779
81750444.2976
97588847.8845
82091228.2165
82533010.0725
82211578.4186
162845157.43
81803464.7503
81312653.7115
77250514.3259
81735872.2336
87556115.4795
80919674.2255
83406954.5065
79615409.785
83214167.7372
91776923.1489
86518575.5826
81458105.3977
81259199.8488
89904479.8369
88584329.537
89843089.8214
79253242.5882
80161278.5693
83868578.4266
80192052.1064
89044047.2522
80462824.9315
90014926.8364
94042992.8915
84401077.5928
84480086.353
85954186.0881
85578954.3813
85031586.169
80721972.1758
80796936.3868
78622546.1694
85973469.2699
85296374.4298
80928026.0986
93505698.7907
82600838.7067
86153929.0591
85036540.73
83408557.2667
84527291.7099
81154986.5879
84826925.8678
85556032.6316
78591543.3774
79689776.1123
80796725.5928
86934402.1828
85552605.1275
84868777.0927
87836316.9783
80360807.8693
80708027.4776
81352170.418
93319011.5541
92993346.443
83299871.7473
99023042.1816
82302916.2664
79625351.0152
81157057.587
83915064.6403
80862796.4541
81100338.562
86654070.0529
81819435.4773
82419568.9993
82322448.2497
79723286.4585
79879547.4379
82273793.9625
90105767.4251
82696333.2819
84967600.2674
87957527.8882
86254138.8417
81673944.6982
82646809.6826
83522353.1311
86190574.1696
83963285.8354
97772993.0084
80231300.4727
81862251.081
86211895.045
90409735.7502
87720527.0825
80771532.3492
90663757.0065
84120301.1547
80610476.309
81474611.1214
81557747.0578
80813881.4037
84793997.8246
81783461.1414
87859409.6117
83001610.8039
89361072.5043
80680161.2574
83227771.2212
81755869.3764
84428659.676
82248084.5588
83193067.4229
88404272.9875
79069445.0829
84624470.3673
81388491.1478
83216243.4775
81522416.5108
79759376.422
82191266.0749
82667944.0412
79943511.5938
84086504.1698
81671772.3843
81853632.9622
80799854.0654
83443196.0758
81521860.8785
82626387.2005
83904051.8203
83770370.7632
80737806.1961
88558174.3223
82992494.9044
82081586.0242
86315091.2196
85395154.1938
81177461.3079
80848375.8273
82773632.1889
79789467.3286
81958782.4114
85066016.3162
85854862.3239
82491713.4688
84913972.3912
80749724.0462
80378417.5699
84955104.4598
79862710.2019
80529991.0794
82573870.5965
81468910.1994
88956442.0987
82046410.6097
84396466.0284
92126174.6819
84667004.5093
83084859.6162
76267184.1974
83681408.0256
86539920.6508
81579338.0177
79970943.6165
86591077.9602
87941157.2787
79115290.935
81402477.4028
82300121.8457
80515085.9514
88953333.3161
84887425.0841
80901117.9974
78528025.8667
81453503.7667
84779313.6363
90261277.0944
82017890.516
79829528.278
80146964.4699
80455914.9937
81404562.7393
79777076.7208
79811945.9367
81019386.217
80379752.4955
82491608.2825
80603817.4615
81246862.1328
84758125.9197
93375140.3233
80355741.8976
81276291.3772
82127666.9917
90042250.0062
86324145.0675
80128334.9989
80827295.7734
80079176.5267
82496432.473
81672636.2397
80359540.507
80984327.3542
82967331.0171
86445086.4871
80336805.7287
80415444.9748
80082729.8409
84349896.9408
83648076.2108
82104282.4207
81502140.6595
80651538.4812
87813367.8705
79157813.152
81249132.6253
84030343.81
81973559.2934
90714668.8482
80047807.9448
87009326.5625
83384703.013
80717160.1546
94449073.1383
81865724.0462
81752902.6167
82730125.7467
86986457.4776
79777116.539
82555754.0162
85234231.1618
82753239.5087
82614086.1575
81969651.1993
84296503.8348
81848057.9702
81104829.135
80828423.2166
87464132.9947
78412980.5711
90444663.8421
89222733.875
79835716.9247
79395396.5544
80510256.1803
84973713.9893
89809722.0438
82071856.9259
85873736.9693
80917371.4814
86110454.2958
98668458.6799
81420358.621
80066488.1821
85348083.7336
85257675.3847
78339843.5243
79406004.9996
86391957.5616
81247927.8237
86431083.5044
81254999.8273
83370010.2468
83204800.0263
81843340.5876
83195152.765
81203176.2004
77695307.1748
87763912.2557
83187743.8412
82826591.4477
93224345.319
94433321.5893
85584853.0559
81994053.8159
86870336.3321
86549250.4773
81426030.7235
84878003.5654
85205488.7026
80450054.0663
84272372.724
80405886.3361
80475916.6559
83611158.0433
82010968.8816
89892313.5256
78253064.4193
93122232.3744
80131119.8069
82562797.4406
83391839.4217
80954767.9778
92491492.8569
79252108.0121
79411846.2054
89980613.308
86762042.1969
82522612.2972
82245846.4055
82981134.4187
79329996.6456
83884221.8859
84613171.0901
79836731.7971
82072880.0312
87788857.9823
93158402.632
81205801.1683
79615645.794
79597736.8585
83589491.598
78173814.1102
83720983.0287
79899895.1927
84279568.2978
81109648.9429
80396160.5597
84807831.4217
86597865.0784
85399060.9957
79547069.3418
80084477.742
79381511.1356
84486945.1616
88196260.3959
81709788.1248
82296227.8506
82580450.1275
82757369.9599
90983113.3581
82156753.0589
84026864.6302
84969931.9001
81824463.2648
84659594.0077
81092362.05
79190344.1048
80181709.1908
90946120.7095
82250061.017
82437613.0278
87535258.9653
81191810.6926
87317218.8419
80999337.5603
80248932.3404
83518969.1146
89072858.415
86978973.8672
79341763.7686
86846204.8568
80176718.0666
83555618.3529
82367055.3034
83142569.5335
86163694.7703
84802584.4121
86389573.7306
81083141.9283
82663580.7844
83315584.7052
85560250.0322
85736828.2241
81458939.0306
94832772.0948
81908451.8943
86558307.4216
84715499.9229
83936099.6753
81499337.887
81106700.3618
85297109.0803
83966110.9659
82894273.0989
81427344.3164
85338642.0897
81784008.2994
80848101.9362
79853094.6546
82458350.6579
85024984.6048
81817857.4206
89373849.5343
79958431.9317
80527847.7232
92477932.1584
85122773.8327
79784452.9489
83222784.9262
81043312.0325
87968575.7685
84341708.4793
80901317.9865
83211961.9464
81824151.1167
81406025.6805
82865764.4932
80222566.5632
94788550.2477
80883845.3869
80377927.0722
80354694.252
81732129.7462
82601683.3949
82130716.508
80933833.6562
90638072.2866
89504258.2412
82317660.4086
78841448.2117
82860055.2379
80550052.7744
89401857.4305
81808426.3584
80259002.1656
85875482.3454
85003494.625
87080809.5533
88970049.9776
79309493.4027
83221471.2622
85970039.8266
82227118.0743
85737644.9271
82292293.3674
89839809.2364
79360678.6242
81514539.0697
88446913.5943
85398061.8679
86732222.0683
85002730.5183
82695907.6345
80495707.3589
81015439.1336
81431305.6871
89250801.3471
79859221.1454
81378174.9771
81247069.4657
80592828.1442
82560665.8157
85598421.476
82088607.7656
82695745.0217
83889855.858
83835281.9752
81304454.6979
77801575.6984
84927069.3899
83655390.1914
86207167.2961
85281161.6458
91717027.6173
81572805.4621
83441920.2293
82918027.6851
84994155.8106
85036054.6763
92393356.8438
95520004.692
80197082.7
83729354.6889
82235284.724
82067008.6131
81950403.3722
81978376.775
82175294.8326
86096578.6627
90172219.0764
82432907.6009
85361228.5447
82654461.1941
82293936.7348
82671516.2092
82085206.0728
82160448.6581
82878199.2211
82177542.8444
87459967.8858
85119505.0864
82543375.1113
86790324.0161
90793744.8124
88760264.8315
90713769.5596
82340445.7028
82403255.5649
87778948.2187
83159291.4566
82967920.2407
82515107.4373
95106460.6399
83015202.4175
82473927.9597
82550972.1823
83920552.946
82373047.3434
103273379.072
84210330.6107
81777735.7625
101007269.763
84359974.8206
81950136.0759
95804370.6483
82169131.456
82525652.8774
88396410.9122
82025850.145
84606183.7378
82427497.7508
86445490.9341
82393957.2796
94298677.1637
83640283.9299
94406649.4502
96724403.5403
82498819.2634
82408468.2928
82429417.489
83834493.7963
93858738.8229
92625408.1493
83805706.83
82349217.3935
86870560.7737
85922202.9916
82264793.3846
81904012.7561
100610664.104
93400326.4489
82266360.8073
90376083.4521
82007325.9776
82730641.399
89036606.3993
82420821.8506
82450725.7857
107738503.735
82524336.044
82216917.5211
87798116.1297
82682414.3192
89047769.4166
82791612.1425
82039526.3949
82748165.9639
86724640.696
93920136.0947
87022262.7377
85889188.9242
82541910.7896
82516958.7005
83717381.8161
85066546.0179
86942973.2239
181346890.688
85506552.5083
82624225.6659
82429319.3286
82330140.0786
95004264.7507
84895791.1371
97423372.7254
86682894.0052
92424969.918
92456451.6715
82573138.7211
82233348.6616
82380131.5111
82355099.9325
89860187.3206
85871008.5526
86327567.4328
88118448.4622
85028829.7434
82638173.1064
97623846.6258
90584711.7252
85410598.2295
86099535.2773
83428523.8902
173629749.055
83529064.8619
88842467.8155
85594755.8967
85259444.7164
89239442.5271
80724178.3818
122061209.745
93024436.053
101522207.485
81695726.6499
82552749.499
81934569.2473
102496164.664
89653864.7305
84821702.4472
81879319.2413
82932697.0477
82983520.246
85548720.4697
84886414.8206
87517521.8298
80136599.8706
84365215.309
37804110.1164
72844981.1258
76145520.8824
82080507.9655
80380585.111
56640858.424
35977899.9881
33047306.4192
43004420.4475
43959367.3585
44476507.1438
72566600.0012
78841301.801
77289964.0438
62416872.3233
45672977.5585
58833697.1549
41659336.9774
56300929.6127
60415301.4961
71156086.324
80799215.7129
76516089.8711
83387649.9947
78039356.6142
82529352.1947
73795029.7989
75897763.2558
75305852.1797
75224019.4573
73411731.2891
81546813.7604
76187214.9774
78065961.3882
40723617.0052
40596148.4557
46270614.6798
77048018.7529
35476045.2555
46296806.0759
38557613.5119
39236182.4303
39152503.0898
66748940.617
76529878.6616
77870208.1653
77044175.604
50298748.2546
55239746.5118
45089079.2265
44646550.4314
43688546.168
46859269.543
44955949.567
43313732.6
73269974.0509
39557052.3435
79210875.3462
78835418.3012
79203023.3557
80324115.4845
75091506.7829
74468932.0925
82504114.1282
66884403.3354
57875177.3281
78905048.5732
73420246.2829
74491848.3016
42578528.7708
68540019.956
34247415.274
74239782.0651
38110032.8855
42904344.7381
56348910.0093
49599456.9602
49128189.8038
54046877.2085
71013898.7999
81243729.644
77912566.254
76265639.5234
81453141.9813
56039421.2921
83186951.4153
85403754.7511
80958480.4708
78569300.4256
80592989.3999
83890427.9426
55790900.9518
55603775.3919
64231550.7901
59714956.8577
91376741.544
55816288.0023
65273897.6435
61054696.906
58704318.9428
44751531.3055
51402710.9619
51815457.534
48871962.4993
67833766.2665
75141409.8869
61027857.8397
62641266.1654
56092583.7858
53069770.3487
46244990.1617
50066054.3548
54574615.3298
56159146.8344
52911053.1817
64180732.055
86431456.9786
83219702.3567
64477772.3459
54116630.2808
43507188.8337
58065148.5151
74820211.0953
72375196.5041
63416425.5989
62688251.7369
57849998.2329
59429837.8529
58453518.9436
62468418.6577
61683139.9782
65563446.4403
54515379.7562
52148972.5026
54513695.2949
59776207.9683
62383826.3626
55896919.9363
61827515.1247
59950306.3231
52244137.5929
77544160.1966
89885079.1312
92857406.5943
59639589.6893
66637386.5379
60790406.9175
83219241.5217
76988100.7813
61823129.3392
80981208.6306
82086752.2207
62384655.217
65245150.6371
56636299.3838
58451701.5656
85044864.3868
64704068.2272
77970915.8187
88298444.6932
105387766.317
64767870.497
64412407.5838
67215376.3845
60194076.4952
86944327.606
79727998.0947
100557932.961
100876905.294
102137333.628
63602489.9532
53126140.508
79703680.3954
60971166.8814
60573564.8477
65084096.379
87328380.5974
100511633.783
99529646.0853
68481400.529
59603821.4476
88503994.4741
101952495.366
102967314.524
103656418.624
101586845.761
89819436.7842
61336178.2539
61594481.7724
66960651.6223
72136460.3584
101417316.417
79210975.9767
62587793.5352
71211421.3926
99178552.1085
101842291.281
99485012.8982
102153281.76
102768840.318
59893884.3151
60289158.0479
89841510.2141
101115930.192
57441251.1123
52407858.113
101279689.882
101273229.544
100885033.643
102053710.547
60580667.3737
60148428.9759
59886942.3416
88317583.5433
102101216.825
103665463.717
101448188.218
101894385.253
102218849.003
100147453.609
60318262.1062
50897411.5026
57784550.8347
64694423.3972
60688100.9667
63801060.0358
60712693.9832
60705027.1619
57861241.5721
68160522.1696
106740585.025
61622801.6171
71479222.1416
62737698.1498
59357045.6407
61009032.3966
82217146.5097
60745019.6864
64193731.8112
77273757.9493
96220551.8296
63361361.0193
57856088.458
59741098.7017
61950912.9621
54799607.9636
71290997.0464
89137345.3035
71565186.3582
61167125.2685
74495507.9464
67562782.8419
93670958.0069
58121619.9942
85723983.7051
63061552.6787
59614999.5638
60377187.1079
80359860.931
54127424.1044
73800842.2448
72799294.0842
57842732.6115
79942250.2388
61620220.8825
74355945.6937
74932428.9746
59199086.7862
64629700.3633
56027686.1564
79019825.6814
94011100.6236
103093352.119
64308250.4872
57865510.5536
58696463.2942
59871457.2844
60147168.9474
58254153.0752
67832919.8628
70698406.4016
70239222.5043
96382725.4922
101790731.205
64238269.4846
59897005.9732
84326538.6525
47361970.1187
91820931.5325
96887355.1857
79927809.7521
57694814.1236
93089951.8434
95887132.7987
57007355.8573
61311721.3063
58619395.9759
58627135.4598
57033403.2965
57369593.6413
68639767.5215
53520214.2935
79647729.9009
58972063.3917
58153077.8117
61914787.6187
60535386.4954
56970411.7436
61155408.5333
64218170.054
64014378.0555
99516575.3285
67563313.9628
52234313.0551
69508903.3425
80574662.0032
74374629.6405
56315323.8777
53495979.0765
54044186.789
59450984.0139
73016215.001
63339671.4789
63279286.4299
64806000.5491
68462697.8799
69282320.4716
75472761.4275
61324347.1839
75068779.8207
56032156.8195
50173161.5192
48532715.5495
62951009.1736
58697440.8987
57257791.5989
29634203.3945
47018561.6315
47597761.122
22204755.8419
23692953.9843
43134752.2505
48642475.5891
29149538.7205
15279386.4425
5857651.75922
7134978.5695
4891294.31704
9713928.14983
9307175.5268
10159381.7071
9640930.90185
4652888.97248
6787398.37017
10071099.3721
10711539.5847
22487972.3958
56051509.0446
63554980.7526
51680348.5242
48945876.1804
66967949.7024
59653903.5737
94864834.177
86345501.2478
77296279.2226
95199820.7508
74415506.0432
58168221.5076
59091059.4421
62745957.7156
60039826.4812
58391411.5175
63658557.4987
59024267.1791
66533432.1084
61332398.852
58407969.1425
62045637.748
61795238.3561
66660153.3907
66596980.1957
75650228.4015
63477148.5301
61817420.6423
59000039.9531
57919304.6555
61729961.2879
60510813.0166
56819708.3013
99432862.5929
62702639.0423
62280553.6913
61736858.7084
64893398.8234
101642208.334
89756840.7299
66184286.1451
59379047.7063
59333143.0656
59299156.7688
88720502.1562
83077050.4514
61568084.8733
58310251.5488
63090779.0049
47576837.5077
53412540.9463
52993928.8689
138245927.128
59495787.3718
48621500.7715
49483691.6046
45924248.7553
61008568.8036
39000448.4508
52703869.9145
47069758.1486
62455118.8279
41318814.2516
46710389.7443
56530728.3061
33063734.0215
60148632.1666
44410899.5618
58716466.0328
47964996.6257
33073455.472
45093978.2479
55869989.3799
45765264.4077
44663128.4315
34665149.7022
47484547.0471
37533813.5155
35921909.2967
44157989.118
61233867.6057
100109938.287
60609262.1487
89478786.3241
87031112.2521
61110034.3249
85627449.7015
61327990.4378
62830215.994
100405562.233
102702336.936
60408188.1689
95702322.3531
59373125.7422
56986897.2278
61260928.2205
58311721.7577
59942585.1384
61013589.0463
59734350.3138
63255686.911
79773016.3228
101951867.393
95560739.4327
54571071.9139
88515581.1984
93671241.3832
86880590.8582
56943133.5611
79075834.5677
52792258.6885
71975364.0939
90236182.4327
76136675.109
58674714.0469
70203715.1949
61000249.7117
58650190.3371
55886544.4305
59736148.2346
66012140.0003
70651096.5636
60191542.8836
98385562.3252
59273474.4231
64964577.3791
60918840.6347
64586860.8223
61136751.8033
62219270.0825
60278557.3567
84590637.4171
96705474.0871
106916555.526
59059022.4431
88678271.709
99000684.5413
61544804.9592
63501935.6882
59542791.1023
58474691.764
62635609.9556
56104704.8056
63213886.5033
93050584.8338
92841509.6778
82343432.9601
58294060.173
86571796.3157
69964550.1388
91755043.3236
60874661.5763
59543257.422
61816664.4111
80201077.8999
86970217.6696
62695602.6744
63749965.8694
87691549.9624
66289396.0677
90014559.7563
102924198.939
84383418.9115
61684484.9163
65397542.6569
46128698.3229
79218644.5479
54100404.9396
61967996.7778
73485161.3683
72537410.9704
83257952.28
71360771.7061
62346182.0809
80717274.3367
104256867.386
61536088.1688
69374258.1376
58799307.4675
55361840.6343
58404235.1565
52384892.9465
73477671.7838
71016365.992
98467223.2107
91709828.4125
94831660.817
103088806.737
55719182.8741
67193434.3056
122306960.239
63569986.7405
55550167.0425
59945201.2809
58778952.1303
57986773.1166
71280459.6223
101684248.637
56840867.6854
91423732.6856
104795418.025
79884514.1332
58891555.848
58318506.5459
61572007.5066
61217026.2701
76464479.8328
72790765.4742
91962169.88
88226112.0525
58473846.1873
51810707.3679
84676055.5233
59975788.3317
66998053.6085
58739962.3532
61215546.7217
51938885.1939
58661665.5598
80666847.2498
83567899.6116
55290123.752
58745842.2622
60506017.1952
67104924.1293
56915193.5327
57129822.5758
45390078.1373
52152844.9229
67399879.3514
77309296.2179
60229306.626
58590957.1888
60035236.6664
56705853.8089
63764060.6354
62550548.9037
61137027.5213
88091221.9948
43611088.1422
52467851.3455
44153056.7031
93773814.744
82368001.2705
84285019.6452
59462442.8161
113354405.853
54872948.7057
77868645.8015
60058910.0788
57185306.6518
75957183.0852
91054460.4361
58798433.0683
51796373.3772
61128393.9603
63293707.5634
76664814.7074
65784218.7681
51527440.6326
49836771.0612
98946864.7483
76912751.4027
54693284.4665
68058836.709
48223966.181
73835134.0016
27781189.6484
23213177.5021
44478473.2808
101689024.019
48998495.6864
44539627.1568
48794077.1512
56767499.4084
69419962.3745
93899056.0746
56490951.6724
60952801.3975
56411670.261
78455522.9221
18631676.0326
17458121.6619
16923068.2835
14036601.7067
31627325.1285
11036078.5651
22833993.7838
43395867.25
56406175.2909
60096930.5427
98573531.7748
83653862.015
67270534.37
66704036.9718
47528759.441
18655642.4585
61568295.776
32676008.293
66826212.0373
96308113.2663
77408104.0145
62002422.2755
64820166.5996
87707956.5364
91051806.0457
100405827.968
76988342.1809
47340797.2606
90736150.2032
86853846.0838
97430047.4671
73703788.5865
75992037.923
98651542.3595
56139783.1662
64562464.8851
68092063.909
53173932.5453
63422139.7043
81335932.1614
61568757.4207
91995688.2478
62173345.2019
59378454.2304
60262149.3297
62907137.0791
30482653.0121
44751556.6302
15493971.4237
28345962.2907
41559482.6367
15141765.6005
62419860.7148
36518779.3503
59286241.5007
61326993.8698
72993170.3477
61296538.819
95336089.9991
62249456.6142
71146962.1921
59201201.961
69806603.5789
60060701.6928
59244095.979
59191805.8984
62183075.4802
62013066.4466
71982985.9491
60587314.2056
59571122.1912
91095310.6882
101174793.807
77795574.131
98747267.0964
69598487.117
79460291.4729
89179368.0622
184898067.557
60277496.6387
93089175.1791
43874589.6433
58681462.0099
60726554.8708
57310193.3122
59882822.2542
62163314.1875
61960742.382
61755276.8814
60700022.4432
60059365.522
48833016.4921
43111410.4118
60691083.4351
72440857.5148
28384811.6733
31584887.7347
42254622.4052
33067044.2066
51069332.6809
62568130.4189
57756297.5503
60292901.9815
58201126.8667
121164033.483
68204314.3728
70601701.937
62041273.1813
68803471.9059
95967893.7309
32142479.7514
66017910.8875
59697706.1063
79845091.6564
71663247.9035
67270330.765
63969028.1517
66081646.0853
75892861.8614
96912298.6485
74722709.4309
66618137.3944
67620735.6483
95146640.5862
65323782.1399
74455247.2153
65838193.6806
60648626.3929
88481668.4411
97802428.6153
59609271.9979
67968190.2575
62374446.0006
81730174.7238
62234296.709
77652724.7227
38057617.9158
30859447.9647
58308306.6853
91882524.2902
74819712.8098
82546844.9241
19656225.7573
76239560.6465
12885850.9089
53482623.9171
60609591.8453
60296546.6569
58164232.1917
15796308.9707
58475115.8821
59939358.9856
63650435.2812
62790595.3176
71689560.7923
49664624.2732
80356182.25
59843865.7783
60385237.4409
45710930.1357
59840163.0025
60624307.6068
64431938.5823
71271131.685
60324483.1845
57619308.2133
62080463.4399
69783503.0615
62142905.0147
85357652.7518
70238749.6405
63811867.2232
61682447.797
60630572.4709
61251211.5779
74079325.9667
60920353.1335
35399979.5023
45016148.7552
26348187.771
58551298.5995
60970088.6283
96288621.1947
103306155.889
65188161.4956
72465476.0463
80027214.4405
80056470.2471
83483013.2363
71891929.9878
59705235.3609
61323558.9585
60510275.3002
58893219.832
69704301.4496
61375208.9636
95767913.5236
88978708.1228
64155024.2001
58707535.5591
67920462.2261
58668326.4762
63548807.0264
58001736.4182
69341443.3092
45705655.8271
46866124.8442
60528917.2643
73631471.8685
67891465.9441
93005063.8846
63232687.0041
61811052.7776
89246363.2639
68163673.6127
73511436.735
57576799.7896
63843401.9624
92111519.3562
59661269.4039
73090819.3191
69448513.6655
52802628.7382
62409986.4839
79582683.7196
96410633.8708
94467036.4782
68599050.477
23887396.7893
43307537.2341
75184363.8727
51685166.541
62543100.3301
58415880.8407
42749048.6982
59134363.9586
24639382.6168
54949815.6386
39484344.3064
13504473.0613
17963268.6139
22035500.2283
43212916.1774
57679292.8653
48633050.8229
57171672.3098
76059397.5879
72495010.8471
86743666.453
93500793.8977
81570926.0063
56306035.7608
72712655.8732
94459732.8089
56934723.0915
63863947.0938
80715363.4449
62425971.9797
58525905.7101
60147389.151
68920686.967
72662516.2449
72810132.9151
93170051.1651
101531545.579
63152142.0455
60810496.0064
65754328.4772
58530850.4875
60276898.929
63324970.0703
59063904.5677
57476999.4835
78898730.7256
70577080.096
59051396.7033
59064926.5373
57852049.9544
62711686.546
68475421.9479
68586863.5795
67595979.6064
58955180.1777
78413981.4158
58603942.5923
61215376.9228
59724673.6181
68606451.3448
60931887.2889
78220526.6363
67218188.4279
62902070.5149
60351272.8873
60019134.2221
59394101.9232
64451269.3077
66197341.0958
66574395.7657
61212863.1327
48241375.7465
68524776.4512
94627112.1442
60909224.1576
71587732.8279
170353951.868
101815735.954
99868969.7632
67695733.5999
59786284.3634
66953766.1062
61204361.2763
61884130.4858
64249396.9191
69610603.5508
62589620.6364
64082775.102
58475659.5732
67432071.8936
65917220.1504
60491845.6184
60972991.5368
62664310.9064
59576066.0869
64313487.1164
96143170.37
59496104.7125
63832495.2815
62504035.1776
60910012.9263
59356899.4821
58382968.6042
59519159.3402
65174418.0517
60514342.5672
59212295.6466
66360272.5059
68084387.1414
60638098.7945
61979407.4114
79722553.8636
60457694.6296
63013483.5091
63542365.8037
63827961.8073
63805414.7653
66095563.0544
92254196.6596
61795666.4999
62248659.3491
65105479.0771
66730028.6013
81214948.7607
59405298.4358
65836537.7689
63958378.1137
58389177.9453
60556579.7652
59714253.5918
87620731.496
103479442.946
76524662.7999
80042611.4598
58689838.5578
86529515.4137
61679532.8047
59671354.634
58494156.1647
60753334.4421
63337727.6047
60562179.0198
59582881.4426
60800129.6942
62737205.3254
44961817.1195
52464388.3841
58605898.1922
74718035.891
94423402.5524
103438082.53
91231171.1701
64539787.8348
60076084.282
59151426.5726
59154577.4379
59231345.5998
58728860.475
100101154.669
65534920.8969
73884752.9611
62646061.3208
57277644.5183
64839432.6714
61131953.2356
59734590.5015
52340763.6679
50008731.8373
61955027.7013
59584117.497
72565798.701
63653147.1039
61544533.8391
69520525.9711
61013724.1988
60629228.8101
59311772.9736
84782008.6448
60231053.3589
68233060.0128
59788457.2842
64283173.8711
59512188.8237
63784149.0456
62957765.136
77183629.2811
58403783.3249
58370450.2151
61728256.2405
60852465.0634
61505940.4133
58829545.8004
60853419.2757
58962101.1635
60299348.2163
57876886.2558
63057966.987
61924636.0977
64787613.9477
60045469.3917
60163361.4732
60558539.2228
67128699.0362
101030327.416
66062572.9385
58044736.2036
58922758.1389
61253495.2383
53631572.6024
57436055.3484
62163782.5807
91386035.6131
70007555.1722
60586964.1792
62543630.9711
65695088.7035
62381932.2564
64364830.9873
61682839.4491
69699357.501
60690354.3648
60781771.2094
62232299.3672
57476731.9194
62950961.0501
61000036.9313
68271325.6004
58157330.1229
61676111.1487
60752020.0768
60198865.4079
61568396.0643
58025371.4051
61685023.2255
63161169.0625
61559800.7085
62636039.8939
60418197.5449
97914300.8869
60045556.2006
67902659.6439
61119601.3625
61718030.0319
60837830.3603
63068067.6583
62351611.4414
70038963.409
60858677.8706
90528059.4556
83983850.9497
66053696.35
60034350.0743
62949474.5075
58339213.7817
73528465.5905
67661529.9373
62295765.7028
64849812.7045
71269217.8697
63693501.7433
59277010.2052
61076471.696
65902964.3022
65172464.6995
63237466.1752
66140691.9659
86243478.9477
63459882.9477
66973985.4165
64237983.5231
93719420.7256
59704678.6255
62031968.1336
60441303.4162
65552849.4263
57778055.0242
61781804.3319
62187600.3677
70798917.6468
64158769.0656
61546937.995
60864016.7495
61409661.7009
60836535.6902
59312898.4634
63026734.2803
59750945.1393
67146495.6973
43838656.1361
61095942.0958
120626751.03
60079345.1409
61334112.0398
63682975.0029
60240277.5531
58798214.4897
59442143.6468
68715996.9295
76202066.1143
74948581.4192
64076076.2575
62095666.6583
62897339.1024
67165052.6672
62664747.0422
64371978.9692
61791035.8422
52475744.7896
60279261.3825
61834175.1735
58319835.9254
57704019.7146
63617316.5352
79968592.6738
102922470.297
101508880.397
100599822.889
62608546.2656
90158074.9289
62104903.1233
61793103.5129
56226152.257
63638636.5376
60440368.5758
61003431.8737
62240870.2518
63431262.7832
60301999.0882
62683020.3866
66394103.1508
60023236.7593
62268371.751
63008833.5396
60068604.5567
56727298.4788
59849102.2557
59208286.284
63471702.6766
99624833.9912
62003723.0778
56969412.0255
65367517.6193
67813298.5661
62957891.2512
68338836.3097
54143045.2343
54962137.9065
58680950.4514
62959775.4865
58403221.335
62631183.7595
65060759.9102
69188273.4638
58440403.9399
62276397.6265
59497240.3075
58942481.5778
66794226.5593
59226259.0479
62564830.8001
59892090.4552
61394818.8831
63694164.3858
62816248.9796
61907970.1537
61968206.9152
55737238.9603
43263495.2684
60183029.2749
67337016.666
63375219.0729
60741196.4589
63904203.8471
61409543.408
84632912.6115
58512126.9013
73310629.2215
64426017.2472
65792094.6681
49778363.5418
64700698.4377
65680472.0799
67477544.4054
63500887.3688
59950274.6792
61818643.3232
59510357.6036
64514308.0765
58390732.5616
59592082.1018
60565834.9857
55463202.4756
60746456.4036
58977479.1471
66803768.2066
69841126.7195
65699148.4275
63438316.6837
59944306.8849
59562427.4047
63999849.9705
60206950.4627
61119796.967
76001537.6428
66282046.0115
61270551.4024
62342482.4725
60232426.5277
58447698.9347
63269532.2585
75404688.0331
60495885.0892
58226815.9908
65828869.9454
57957132.2232
58371528.3844
59739786.2933
72525561.6796
67664439.6409
64948697.3507
61478584.1473
58684681.8039
61028574.2887
56991933.2441
63915568.8624
60818545.2722
63039598.1164
59882597.1758
64732595.7517
72680625.396
62979284.7031
62642829.4517
69796129.6386
62644134.1806
62182674.6754
59959852.5406
58747875.8516
60585511.6322
59738981.7962
57270982.6293
64501150.3919
60272928.4587
57170255.7965
62472479.8945
57347127.0231
57012522.9808
59613592.5979
56727937.5755
61110583.341
59405137.0796
68137293.1824
59683646.3271
61950574.804
59110342.2303
59804046.4801
70744695.7817
57420854.8944
60862797.3372
61167952.9948
59634746.0844
65510823.4603
60162085.3005
67704920.1585
87179393.7314
62907108.2708
62151283.9946
59755419.2203
70648900.0814
70834937.5344
62549316.996
60608310.3375
64282163.6149
64012970.5957
59994204.2262
97693840.1811
51371123.4398
62984789.4343
60144912.225
64134637.2713
65363991.2789
58439779.727
60461793.4917
62297155.7325
79552882.7117
81936614.0993
62361251.6613
62466750.4085
60398794.0978
62850364.4101
64251858.9295
61698811.3278
60860524.8047
87952700.2684
59610415.5991
61295607.2103
60920812.005
62607393.8465
60882355.2063
59633196.3598
58956766.9733
63992910.141
72223955.55
59479405.7286
60521496.9315
58129978.6468
72479500.929
67161123.8269
86501774.1615
59314648.3455
79405130.8143
98529880.7233
57933554.5442
71316702.4921
98011338.482
106046044.3
76856924.3114
102742739.343
49264072.3292
53897736.303
78577177.6464
48793013.7102
57722006.1092
60739271.2013
66605698.8404
100229588.279
86786017.3423
93379194.6066
88116306.7417
61785082.1855
51218670.9315
56717692.3637
71327663.0786
60380612.6487
60214783.0636
56960207.4469
74332542.1397
59253486.4484
81392410.9796
58947817.2252
60016913.3424
59576650.388
59571297.3741
88029707.1167
61661209.6918
59794353.3625
57262417.4107
61941857.3339
60071107.8463
69363710.9621
65011350.4093
79718151.7522
58628641.7672
61702602.0225
57528335.8637
59276795.1733
61736772.9898
62685422.1328
62553613.5563
64966231.5759
95541116.3176
102542423.081
101881483.997
58237649.3257
71467741.9974
58398454.9408
70383736.6438
59733328.7432
84102590.3281
70636446.2938
63753245.7497
99365365.4656
63560820.6315
78334628.1788
59898895.5336
62404357.4417
59890336.9612
93261436.1584
98370899.8718
100525064.582
62233176.684
59288749.7021
60943008.2004
80754442.2283
59409751.0456
64243805.5915
94262730.1383
98059504.5928
99639868.8941
57787376.8707
65192204.2524
97381416.1613
67406458.6846
69737709.4237
68445148.4983
72105838.9458
70452078.7727
73674421.8263
71452146.5595
66426544.413
60723634.2201
65778030.4615
60928813.8417
100697446.194
102356886.495
58112883.6398
62776597.1235
57120515.4441
59940131.5176
90089984.7037
60573114.8454
58686760.2405
62670467.617
62736039.6422
60545774.3524
48921193.4796
58888933.8219
67399888.0426
100483514.342
97470729.0205
59242744.0667
91184960.6046
70334011.248
92158782.0734
102172727.765
92454971.6172
59339893.8479
82330028.0576
58518656.101
62654670.1955
91543179.6681
96529213.0166
64711012.5822
63573486.6857
80444374.7087
101899703.243
70387145.5382
55549258.7702
63653129.6073
46416781.8101
60432756.1109
96823402.5478
69582902.8053
99060872.7077
62262799.8917
62601738.5881
96389175.8751
91725551.8683
94996446.3061
79980519.9177
83194702.4816
97833467.8825
60254098.1846
60492331.7762
68258469.1688
103905158.938
98963779.965
68191164.7515
95170909.9786
57866934.2017
62121027.0387
55527337.5628
60268740.3512
62207112.8944
67346947.1756
61598957.2154
63390647.8353
61306450.5301
64342351.5512
90328408.447
59922729.8923
44141493.147
60560787.1902
65182854.6823
69756170.0839
100434146.502
92370768.8107
75465604.6079
65005054.7361
70376829.1298
88541787.6674
58358441.7373
60995275.4506
64992506.9345
63400230.0901
64261842.9829
60814119.6566
69463231.1553
67911092.1009
59638733.7627
77082807.905
74622389.1212
64780325.2984
59534664.8166
62717913.1513
64575245.6583
66573786.3764
85925962.3513
91811783.1143
58773866.8585
57849402.7137
59866841.2745
56073960.5326
60507973.7903
94488384.2668
102893521.023
61703503.3684
71296014.5196
60754448.2581
71703958.29
91353675.949
75045116.893
64946674.4816
65752500.8019
98034325.2399
59019072.6972
59398832.697
62472322.3515
92281108.5673
62681679.0077
57293195.469
66303730.4346
99621585.5032
96682706.7727
58996792.188
58665535.4223
86031874.0036
100421383.927
69843991.1073
60926709.3823
71120117.1304
94119301.7086
61243258.9971
87878168.7854
56796628.122
67047522.8065
87402814.0398
80838886.1342
101331568.858
91275089.6957
100795162.474
60689107.5148
62700696.9798
60331996.9547
60956213.7502
79568496.1032
102361148.63
69311144.4466
78399277.0119
64656568.4109
96681076.5365
87807572.0457
83291254.571
89872622.0007
68981135.1888
102944222.255
99630082.5471
58449416.7745
63351701.021
94160302.6671
102388199.242
72623414.6142
79108369.2132
72671482.594
65622338.6145
60805614.6304
58338381.9825
60857960.4533
79107862.3401
59240186.6643
59590010.1685
58656616.653
58928842.3686
98663563.6464
55900822.1193
61435294.5473
70309712.6547
44100172.7656
77645724.1263
92623865.706
65931016.1319
64530904.2995
60031448.2973
76409609.9881
102483509.085
68743832.5686
71962229.1154
61385559.4047
59106865.7101
59427775.987
70604372.462
100587101.399
87884022.2482
73249363.0158
100614310.833
86423406.0159
69829602.0491
31789845.1833
99748281.4128
60285182.9719
58619717.8373
79213978.3423
100158002.689
59346222.3916
78971324.5133
65059598.5682
69874144.5588
78536590.1253
60737115.165
90356349.7584
62889427.8002
62803614.6797
60273245.2344
67911292.618
58318014.7629
82303843.3638
90659382.8725
60388499.9514
97397012.8141
67011607.1858
63781259.7851
99674676.7014
48250999.6401
61987951.492
62485033.0405
59052899.7292
59855746.9642
58583802.5101
61077826.549
74696098.5816
59010625.5596
93510047.5959
68764087.6817
71067788.2567
61682292.3935
75571223.3442
71062117.3088
61944377.9721
63233063.7782
63644600.7857
62608308.0964
86676972.6928
66377058.738
62796250.7809
61062278.2276
62085617.2409
65988692.4723
78498515.4335
100849222.262
63090827.3032
97226538.6242
102417362.219
61254173.0992
59693668.7137
84408006.2557
55247054.8453
69007561.6316
57710642.6741
87069467.1803
68879840.9698
74431162.3655
80770444.3711
95002832.4613
94769656.19
69280295.37
57752990.7017
63431556.0649
80080133.0233
74428549.4707
67352319.3761
65826032.167
98316098.7579
97473152.5679
96207510.1453
94687849.6435
61023552.9524
81503351.635
66326955.9619
57533441.3452
96466679.6314
63958284.0097
83276552.996
78571866.3899
64030133.1407
59021121.4424
60580473.0508
62377803.8768
96439279.7927
62483410.5732
63356799.1005
63459430.7283
57885541.3027
59884639.3435
80116664.5538
61648498.8129
80154220.7327
64344746.421
64501098.885
58158698.5024
60354733.4043
74516938.9638
60444456.8677
59080253.6873
62667188.2268
97786166.8178
58956036.2245
63936559.6458
49422993.3201
60825262.9209
59225732.3745
60658332.3662
60737615.0996
61390980.1109
96024833.6361
97820460.8223
59569430.248
66004803.4809
62194961.8195
85072239.1447
62552836.74
70436180.9477
96839929.3876
57043309.5598
63882787.5679
61098912.7027
77082803.5343
66086858.3625
85736420.1239
58079958.9642
62370381.182
72345558.5698
31321571.6891
46166844.6554
80133035.6128
60419273.4337
29895051.1044
80288165.3931
42011852.2335
56737675.57
55519708.9646
97940525.5875
83791597.2789
94379538.3534
92238638.6424
155733088.797
59101791.2005
61357820.2048
61323321.3628
57360834.5644
56235711.0445
62108961.4808
50669052.1905
56925007.2446
64434640.3054
72838372.5189
99639696.6551
102848250.439
162444799.563
83772199.4654
98385113.4071
103139844.044
100182879.193
100242795.951
78776550.5516
83253430.8429
78335741.0017
49954635.0977
55644923.8587
56329849.864
83280210.4163
97022807.8701
58844837.2102
61296681.6382
44251640.1969
44293977.3874
5851940.63248
11663103.6431
5114485.8896
6654887.53608
6247010.78267
9109289.47267
11861953.8499
14256736.0371
22595602.8113
14189074.9086
19005676.613
8529848.39687
13662576.3413
5212394.49706
21384813.7487
20465437.6115
27921952.1461
13426682.6913
16709617.8787
21283652.9131
16922766.0119
20762225.0679
14688727.643
21238576.9545
23838589.7226
16597328.204
14612179.3572
16011681.2395
17378271.3368
18560705.2149
20560549.0718
19407782.2246
18810677.1236
18258391.3878
24421543.4066
2256287.66281
0.0
15240396.1044
17950465.5364
19178684.1083
23765850.6118
20843865.4672
25059409.4643
14219333.9381
15379683.708
18677035.5266
22800666.3344
2785752.9433
3918819.04307
22649678.4984
21051060.907
24092096.4474
34451574.6273
27731792.3995
31762412.3512
24938822.9001
39898305.8389
36632385.8831
31961468.6987
976916.479239
53504449.5243
41259391.0176
82929761.2559
61658396.955
59430155.0655
63853742.8497
40440639.1245
75889589.6206
35812849.2907
43266531.6021
35201879.5909
11053486.9562
66171226.729
45686001.7073
96427915.5086
70498747.2141
61708229.6503
55758130.3468
53179093.5355
59958654.2633
57385590.6677
57678110.3617
94041101.3692
61554378.5119
59717158.5211
60369235.7258
82748206.7352
67396264.3792
59461845.6935
98876705.6364
53847071.5419
86250818.1871
59809175.8308
69206017.9979
21146145.6541
59960827.1261
56237296.9579
51396835.8447
48967366.9057
4539970.02585
15942721.7143
455933.725771
1114924.74016
11102472.205
0.0
0.0
0.0
24303392.6628
53577147.6479
49438699.655
59613779.9919
91938492.4673
56629006.1663
97404332.1185
73059725.2203
38969795.9734
50806890.7786
58141962.5762
45091043.7037
32646998.0381
54838053.1813
45347810.6389
26987794.8906
958714.724407
48933109.8
46340295.2091
25680026.2823
61199749.2628
48221671.4657
58469171.1807
46368452.4273
44454984.5428
28704845.1674
57125721.06
22009935.4587
35062923.2222
40040913.4126
8321910.77054
39708352.9193
47475173.6304
50973799.732
32486296.1671
42694174.0638
43584973.9693
47618419.8685
44832589.0035
53026959.3408
27065150.9974
57118482.351
49231081.1884
44201590.967
45825868.2532
50629363.3794
45704447.0466
40409932.7748
49782418.7343
26269704.8236
73880229.5706
46432473.3747
53135128.3918
49807512.3133
50273510.1038
53427459.6021
48140792.7769
56625864.9404
47951549.9689
59937419.6404
56803469.4802
47823751.5671
51668168.6106
12384239.8902
38327092.9364
45741042.9173
52980327.971
45643324.289
41558532.1504
95592124.6653
40626261.4354
45299871.24
37329514.2644
83482701.132
26300060.8759
31206412.9461
39664260.7873
42791482.6785
39199078.9787
35852624.1711
49888626.3643
44405168.8118
55018485.6454
66787888.7458
71675950.0065
42811011.9292
41584240.876
12749133.3916
72088584.0408
45821408.0485
50827433.5247
65644083.8233
61812017.4311
40878325.9529
44254132.4109
66323814.5777
57670164.9121
35418951.9854
59208749.7866
51691015.3218
98877124.719
68967973.1647
37931010.8753
57895011.5231
60866363.1481
59722166.7272
57633220.8245
33259634.2454
57666975.4288
27229120.7537
58791477.3287
62156246.4524
61336651.3343
43741568.2154
48288425.4171
87939454.2209
78194298.2509
83962774.4792
54107969.1411
33300395.222
67140190.6068
61844987.132
67430478.486
50480479.3986
55765862.8227
74990012.8841
54114945.7347
58525845.7916
73977622.0014
63646503.4198
50051306.9736
67082387.9683
49508020.3897
69531329.9828
61651971.8756
58801641.6402
70389041.2899
56912143.2873
55237058.5396
68863988.2883
58959315.8791
89154563.0032
62117586.0007
54272774.9073
59093093.8573
66132983.5445
72853361.6874
59711289.6813
134356674.628
59565987.7456
48888863.2459
45278662.7061
59420428.2157
45112041.6252
54015250.126
71874317.9401
23795947.2813
61570628.9985
62599547.9156
70429187.2505
67438460.2084
61953541.3697
98007307.9068
71464757.3066
59169618.9238
56268473.3041
68618954.034
92149552.3556
50827190.6362
57322680.7368
35469896.0972
41091508.6695
45536859.1116
48252890.7754
91102618.4632
98171516.3803
100772261.403
56870658.2025
58767731.2535
75873894.0662
74553565.7431
85873559.3458
63186729.4481
45651590.6801
94511617.1033
54488825.8858
63594649.8501
58834048.6157
56932726.2071
77012652.892
84948507.8325
58964787.8207
50879220.4285
56668448.8365
64655494.8207
57958489.2695
66413097.0902
61034131.9772
136686473.513
60982294.9616
68308157.3132
72431224.6261
85659985.1934
53600906.1317
63663162.7339
59123312.1383
72049948.6978
87618115.5114
49351313.888
94907567.9325
56991086.7739
62432244.7869
60227403.2765
48827767.1372
21323767.4682
61292803.8193
44764047.2618
26733950.48
37113523.6757
39966563.3009
54195581.8426
88417014.5542
60394095.8154
72726682.2084
80218440.814
56867464.773
80023578.6027
59578760.8479
59834300.5419
59340619.6955
76435118.5853
52598863.3252
65187543.9848
62745968.2362
49468432.9899
55362035.7437
52104896.5274
48449783.4323
58849503.5481
64902039.9986
61729685.8525
46425575.9668
81027412.6818
62321785.1198
72787281.9777
59172766.9921
59542861.8953
65064603.9965
67882815.741
47260616.5254
56340190.5182
68653904.3599
76206159.6606
40995340.6307
46849958.569
57127050.368
51467771.8247
68391854.3219
31619553.1438
56540943.559
45435956.0361
55994451.816
61083400.6209
58091171.273
60762752.7936
58415552.6163
87786856.799
55677997.9354
52934789.2144
112393101.253
46543455.7844
47662662.3189
34586080.2546
46636929.0008
25801098.0432
20854128.6087
53214668.1805
29107868.1867
29342535.1771
13212853.6688
4555992.59765
10869361.3383
8201581.6188
8656775.57411
11326797.5779
12829690.7635
10932158.5667
10021677.7023
4231989.73732
4686337.91609
5435089.31872
6147730.07772
7137502.54446
10044697.1174
12366674.9882
10735176.2762
50059332.0051
48836696.6607
103195209.601
92356707.4693
53797950.9478
53956026.5146
69017610.9872
79602843.0754
63640672.3956
60788843.3284
61573379.0939
61197152.9009
54989543.6701
77175841.7156
96515855.9496
43982202.1627
62656315.9447
77112287.4964
53759616.2951
55798575.7937
60655917.7297
67493118.9429
96801406.6631
92914166.7566
58701918.0636
59454258.7255
95529287.2976
103269345.583
62328565.4609
80568112.24
59385668.1932
53768654.4353
62197447.14
58696683.3862
59894084.2096
56919464.6048
85583280.5939
65958519.1924
55381966.1053
47130510.9582
37327667.5461
58260456.4637
77924361.5131
75881306.1492
100346384.165
80182669.8137
69005288.2251
87676326.6637
104526319.425
90499714.23
62296651.3248
61371070.5592
50520778.573
56490427.789
59289503.6817
50532579.4465
71283777.174
60172758.1012
97010401.6178
83389500.7295
92340773.0344
99309190.4119
99950120.3828
47808671.3122
97873415.4789
94582293.7613
82266498.999
62644811.759
74949098.0269
61688425.4502
58110141.7852
49965698.4271
57238790.2613
65459349.8361
47749279.8002
55914844.5291
34963668.4386
45768046.8042
49597051.436
65056450.9563
64091322.1625
52996426.7672
83096131.6661
53772945.9466
102042402.235
102199173.215
45305326.0925
52944986.9927
35537347.4072
49304267.3205
49350517.7617
87424224.6052
61867287.306
48431115.9243
21611532.9261
39332592.6364
47840571.8692
38470354.0135
75347166.5639
33493715.065
53508756.9357
94583919.2263
83465872.775
64357827.6162
74642055.2297
104696827.125
99443896.905
48342616.288
63672696.5375
65636460.6613
57230053.3928
38270360.6367
60937476.2339
53038983.0411
46293087.246
60582762.2584
60902977.9259
92552806.1421
62075488.2264
80715733.718
47819200.9015
98030608.4192
59482816.0252
50435489.5029
51534223.9014
59691502.8119
48214611.296
48894119.4461
49217894.1654
48791458.0794
54223231.2771
76895230.9276
90454818.4186
58193621.7435
60667340.8266
43283070.7056
47255524.3227
49075195.077
52306521.4107
86449183.5894
105578887.926
94071011.7722
102081126.043
102104736.291
61537702.3084
94964898.8519
53470644.1601
69051667.4171
73170680.305
84498426.1169
45581711.9831
68389909.2526
61813469.142
62555679.793
37257702.1683
46836841.942
93633797.5441
70999052.9447
59231491.3463
55766363.8893
62814475.0931
62400056.4771
85627387.5944
92169605.8933
63493096.987
59495240.0127
42609018.1964
54806880.4578
50035829.2582
49473335.3797
75430924.128
61864609.7536
55513472.7785
74804268.7996
60268986.1137
49204221.904
63200638.3682
58987832.0699
49199651.2621
81156834.9566
49294657.7618
89469550.9551
95383070.4769
93933613.7575
63222004.5753
98777641.7891
46489423.045
78416764.2796
58487658.423
53292785.0146
51237662.0083
60184448.1975
59365144.5112
38656080.3047
49289749.0656
58504072.0646
88684021.7151
100370845.928
77627123.1513
79556492.3695
100072419.298
63236670.0603
82947123.0156
73957051.0556
65160079.1024
48133644.9277
74861034.1893
50097350.6476
59575752.5035
94570239.7078
83028051.1422
76057855.4145
65156868.4907
100895005.9
91686829.0224
50469380.912
49793305.1519
63290313.8079
47079456.4352
61409466.633
60859584.6708
66004491.4568
60413613.4724
60493726.2119
77375671.6615
61040381.4134
36666408.6635
93170609.8863
67830332.6129
47913040.1403
97072481.7333
63814871.7756
96751378.1158
94052853.4838
61376794.9099
64413018.9266
48295261.148
60236173.4099
96940557.6153
101889755.348
102217883.958
49759277.3151
88825665.0488
98846138.2743
47650150.8461
60917075.5846
62496102.622
53970858.306
64796078.3035
66088631.971
100481676.156
63496141.1404
59331043.8046
93593635.2874
49272862.145
81377801.4663
99323996.787
100917567.013
68568038.9679
103036026.937
83724090.2865
61158058.1281
57082958.4391
73546687.3836
64750933.3733
71062867.6268
102766191.619
65267328.0447
68136080.6915
54529617.0977
50331388.1486
102682894.064
101073173.988
99656541.1952
59113595.2101
80773886.5352
58698803.7623
51797433.2152
60524575.0484
57125262.6767
59153159.2998
64092433.8473
61217778.1839
99580774.5822
75653593.7715
65001180.9814
72644152.5799
61129567.4586
89253108.0404
99463268.3207
102452325.906
60510773.4681
50888865.815
58470906.5717
84208328.9583
101301868.529
68447051.7315
48743204.0744
60658197.6337
43260030.5505
86569383.0474
83715758.0859
98595729.3257
59760452.9817
40146605.8427
59945549.6646
62036068.9257
50326921.1379
99151637.7727
61308681.3749
59906320.3537
77828173.6511
97628194.3626
52915666.1046
62324136.191
80494656.3487
101451594.134
55167820.1471
60813609.9184
59168270.7209
98308125.5555
88145489.2521
61253212.5358
84678251.4144
97646095.9403
60682000.931
72062437.8837
63936340.13
49588142.1369
80291065.885
81392536.7033
84645730.8143
47144554.0166
58738314.0274
48026950.0139
55835294.2544
64943641.4102
60415597.4148
48447783.3028
99163504.9679
93203131.9256
78434681.0971
102202195.408
102465844.942
49199461.1341
46191931.8049
81759953.7798
77011679.2946
39691125.9458
97683007.9766
62537061.6111
99224896.1168
39926924.8174
58104837.8319
48932775.4911
80949777.6327
52094510.5236
63302895.3054
47132321.547
81333794.8241
100597509.139
50142358.8761
61949542.4804
64898445.8716
46936970.6082
59434884.852
59521966.748
48226598.0621
59576252.4031
59501678.9665
60663882.9831
71450985.9328
79325610.8368
94708173.5636
62469838.5896
99916387.4694
60469865.5468
47438535.4253
92440701.5934
101944402.965
98728108.0749
202165574.861
107927367.569
59517355.665
50595662.0327
55356280.221
97257580.6987
79209161.4947
53196580.6928
64107876.4259
70975493.0764
66886635.1407
86559537.6034
53613491.5995
76959881.7579
60448475.4698
48338165.4668
49706603.4578
66097978.6342
95145053.0159
48420826.1896
76069015.5397
102017011.34
47843739.1025
68366286.6519
47691321.3122
63685586.8771
59970928.6027
89838498.1315
47019298.4762
96481205.4007
55297119.776
59984166.96
39391495.7601
30026178.2811
50977838.7259
15100389.8079
42657703.4032
93508418.5876
85912968.7835
59754658.8616
61967205.6082
76835731.1298
55409515.5967
56537671.0939
79400118.8182
40502566.3092
40320453.1525
62670626.0956
99008673.6022
58276537.2468
58146348.2494
72992421.1723
65115708.7212
50551912.6313
47124594.45
56733416.581
48397412.7333
36765507.728
62862529.3019
71100923.6471
86130500.1476
66017702.461
69888711.1772
62963043.815
48011212.065
47713287.6609
79374560.7384
100203059.037
57703867.5018
63289100.6087
83349243.2568
82378949.3382
62188271.7337
53029792.1511
68704630.4478
49026075.7467
60247500.8737
93068064.7283
88784051.2873
22479031.8182
84857369.6673
47792088.665
25728463.427
64098613.2806
69641573.2631
80290674.9045
44366642.412
15686655.2657
59323309.6222
85594879.2838
70075553.1614
36281376.6959
52386496.5221
87076545.9847
57151890.9207
46579590.5928
50615344.2473
37494948.8566
56906471.8712
60515610.1852
71227909.3129
68984441.8416
86593039.4766
87581037.8123
52266926.9317
60509329.5359
65205197.2506
98750633.626
92631442.8666
46657551.7856
88736649.4507
94562268.5974
83861609.6552
97817916.6202
6012667.76409
5100048.56714
12971157.1425
79558590.5115
92991000.4359
69587397.1404
51577276.4396
42622991.362
59217410.5225
47512459.3499
58482057.8429
79098176.0458
69848062.7909
87588259.5789
60666739.8707
57520885.6809
37096715.3305
82222282.8781
103088834.424
71483924.9238
63826242.3064
60634278.364
43262650.1663
59274729.1065
57369197.6449
57265576.1821
63392734.128
49840108.1236
49634422.6387
47124169.3221
70302068.2279
27026057.6253
31150043.3875
48143280.3863
69256707.553
14551620.6861
4388400.29668
4691069.26946
5662628.64642
7930565.33623
11058657.4537
10680896.4201
9068692.99714
10270884.5863
11011200.8971
58233160.7389
61413704.9236
59417151.5593
79794482.7831
59307702.2632
51331800.746
79940949.3789
60618740.631
51187455.5393
53174462.1247
42063027.4591
81424808.561
82518187.1658
59615464.2996
56087779.7879
76753768.1574
58157761.1289
29841415.4055
63266665.8071
56785113.0287
100014289.964
45966637.1143
45664719.8447
92575810.8757
71467926.7014
44555935.5685
55187754.285
42866625.3552
58657582.128
94251179.2248
51524271.5466
50172906.6348
51893698.0608
98801616.7122
99666781.1408
105166288.744
101148051.009
101531538.346
60836130.3863
41009321.8205
49640905.7193
46160777.7631
61042560.1435
95507471.951
61705679.9808
83913666.7052
51292193.5532
48183516.9122
82753886.419
68333428.7248
51648644.7901
53698301.044
60412697.9783
70145157.0002
96089310.2048
101308076.889
98667061.8877
61677049.3445
61535916.4528
94547643.5509
63440438.7973
60019962.5242
92352404.7672
52247517.1996
48099076.0804
66704184.2446
49646717.0566
71304873.6332
60072848.4412
69313028.6482
92032251.9436
88137003.1094
48080840.955
96748372.812
87576079.6991
105822259.452
44976246.5704
59454555.5866
46001532.6811
49583897.246
77305895.004
60214109.0468
84358598.8448
56278346.1277
59820495.6348
75047527.8312
77202981.2413
61148287.5587
55765066.5099
36228733.568
59675783.0824
96496493.0276
60633078.2795
58595418.6981
46099295.883
42902149.5615
53531016.455
65300035.6493
61401822.6653
47800512.527
61631630.198
46906049.8473
51039654.9681
42182115.1981
84367132.5889
47852404.7655
50286447.4875
62060210.841
60455474.0585
49186729.7289
50116257.1892
50435398.9064
55907708.7442
44767247.5856
59072910.58
72484337.6331
75111694.2625
102443201.916
97302861.3031
51650679.7733
59383983.2078
52312322.9106
60491556.1748
49603677.8113
47215982.0554
76141708.1694
49461017.5606
91658099.2032
57385858.7416
62499093.3511
85969857.4705
49719330.6987
100566394.663
63054808.7425
75458846.6009
100297600.817
58963388.162
59291383.8057
63779881.23
72307101.7739
55134312.6642
76850333.8269
61505598.2306
46574524.1264
66217212.9509
62101279.7536
91874457.4279
102451752.194
97070708.7487
94592905.6315
45251014.9476
101047362.235
98918421.4908
75341690.7952
59291560.3623
62399022.9565
45167482.9924
59947259.6295
61434097.6029
79078618.1967
103932484.422
101496206.667
95296913.9553
61339434.1398
62108412.9134
49237207.6663
59178946.2914
96908688.7324
65898369.9639
57035544.943
60035386.1422
58728060.3416
48306297.879
48764006.6044
92674478.5377
100118526.449
87110198.546
59601314.8149
78547619.7268
90736618.3317
58748570.7344
78751827.0247
50095707.0264
61204552.4939
60100993.5062
59370135.9797
47910572.3198
59758566.3914
62888495.5287
58945085.2742
62909088.8373
63626889.4908
60968901.3017
72635832.2729
104617003.539
50541028.3026
61684457.6095
59238978.9759
60962615.4512
97215941.1848
57492307.5479
93843418.1398
100167995.016
50181860.74
61741131.5495
61488177.0369
59894797.8119
62219034.6514
72543659.8566
58718819.5743
55163897.9868
59586507.5558
61116237.0087
68119673.3777
47821342.1637
82604075.7153
101781229.941
92655153.9138
38939638.2962
57869689.057
57991079.9807
58945659.2404
68836851.5669
96454593.3609
67375200.8536
89645090.8736
55287798.2256
23773736.7118
45561922.4514
77853769.5425
39084008.8608
71605553.645
93854056.0263
153068795.676
90132788.1458
55839560.3923
88998419.0552
60686374.3339
38978468.0441
44783160.5671
34623294.5875
62176963.3345
92701809.84
57978589.9527
71336362.7183
63287296.8681
65350533.7214
73907676.1163
64263380.4807
56519602.9976
58605402.2777
62940708.021
90781414.2983
79677329.1138
57101623.8934
58261455.2243
57676848.4616
81180197.032
90558292.1213
58532738.6067
45733512.2863
56318927.2777
99382645.8974
60840251.4091
56686880.9627
61513122.2502
80241810.4017
67270190.4157
55795903.2725
60182322.4187
49059562.3163
82338116.6055
58588807.4364
46897600.7935
51907199.1286
54949529.4003
77181133.4361
46959657.4001
59769169.8827
66916213.7568
55682231.0353
60183965.6641
99256742.1262
57132407.6099
50402518.0846
101488247.904
71297473.4802
52326541.6002
46455036.6676
65825881.7853
55162439.3644
61877432.5449
77719505.249
52525490.4468
56927296.2174
65382789.8699
52403034.4346
81068677.9515
71247476.4793
63638024.4968
60282608.0445
95563763.5573
84444995.8177
47723676.5422
73931426.0153
62554782.0265
59490194.8941
58904659.3843
69201108.6778
91020318.7641
78990811.894
59361908.1576
73774499.379
98622730.2642
71160724.1313
44972595.2229
61038586.8378
57548133.4686
52848059.7917
46812742.4424
62977123.1772
88808552.1492
59638349.7871
59421462.0445
54999588.1647
42783662.6144
71367596.2214
82073732.9806
87767515.6108
57909250.2476
98053875.5049
98901565.8105
61118319.9844
55641832.2034
58479596.7158
64959311.2576
49971879.2538
82750472.2215
98131298.1139
65411038.7193
55378236.9915
48268787.9634
89427851.9709
99146639.7172
63662566.5351
60078213.4717
50346184.1687
94764714.6811
86150621.8936
82530604.6149
62032253.6245
62057159.3276
61581130.1493
91624551.1616
83801920.4805
58871832.8855
60528534.0015
53281507.5398
54325777.15
69427609.333
77280313.0289
58175468.5982
60726411.2454
71641062.029
99204515.0148
49628474.0812
50134822.362
60187175.8704
55635966.306
52832753.5852
52836199.4684
60561195.271
56972129.0418
64052898.5287
95999751.6434
47176893.4366
61851469.1666
75839308.2844
88431124.4977
58939483.8916
85534944.9942
48114179.266
50429680.5805
90540793.7247
94246317.2202
64520282.4347
94978698.684
61515261.6376
59758303.7008
56785548.3019
35419614.6652
68790827.89
69474535.6018
67475481.505
62635569.4552
63788137.8781
46499897.7536
101980796.834
107705528.819
69108440.3852
100806824.042
58934812.8073
85292678.286
59285314.2971
82032937.7673
101749241.069
102602447.318
99972517.234
60202373.3493
51300602.0718
66417086.1154
48710473.6206
54711036.3792
58554858.2635
39324313.9933
42699807.7308
64007450.2094
97801006.1801
62614803.7443
75499330.034
60395049.5826
53202799.6874
49310618.5053
89123563.2258
45852281.0238
61750176.7462
58801056.482
43817687.737
61138699.1305
51772660.317
57607529.8257
67366367.3274
63887820.3518
43641385.3293
48391996.3339
68879729.9997
95858134.2974
95477647.7427
59330733.0929
49215332.6724
36605376.127
57385043.531
61164484.2017
61366639.4011
57587335.047
106822461.459
60702823.0456
48502044.8686
60262717.5313
60507634.5499
59489049.9418
50115082.4435
61114570.3472
62690951.6991
84926701.5333
61609090.9076
75872031.4622
56797973.6334
62577369.2203
49655837.1227
84368867.062
98409371.8803
48621137.2181
64977249.5153
48711471.8415
41272921.1156
70221514.4253
67214814.3024
52364490.5179
46955639.9838
75928718.3046
49375034.4761
42015165.2542
39920971.9067
65459461.4099
62643298.2562
47971846.1049
73194314.2552
94667252.1117
62557122.7788
64685776.4307
59359795.7774
99520364.7213
62708242.6652
82084174.4901
62247963.6357
62141176.0078
93514677.849
98224197.2385
70539829.1161
90074399.0481
93241025.3159
58238150.6218
48308990.8935
57756551.8797
66859152.077
64717549.2185
59572822.058
62051988.4094
101313210.733
48743838.9414
60766808.2448
65582124.5899
64592488.1767
56035614.3929
48447526.256
61146953.4349
100847963.225
50073274.2085
79543406.3548
104064696.666
46779878.0494
63829146.1833
46860257.7457
79772722.2379
97792186.0045
61595793.7952
59599859.0293
60649374.1765
59121947.7804
35096030.2676
60298554.9889
68645856.2618
74622089.4089
73964279.1166
45112970.3681
60652205.7515
59295184.8132
60275523.5015
75854781.1194
103083636.886
72878290.3707
61414574.3578
59903076.2553
65303599.4726
48410315.4112
89056787.3001
59224822.5375
77303677.0423
49678484.9816
63247656.8819
56987991.5897
77052211.9616
25246829.7684
65922205.7511
38511824.2683
61816233.28
71752878.9085
57545872.4157
60891658.313
82591590.7079
85599874.1537
36645568.0995
59700194.8833
47786172.5293
60095918.21
59349301.3171
56851353.5502
97675043.9408
36107680.211
57353377.5586
56014154.2381
51625415.4305
41093963.6102
46274642.2072
27571740.9068
79580347.4817
67590643.4316
39458077.4078
