1022.93835767
1022.93299774
1022.92885601
2045.88256259
1022.95151411
1022.94128129
1022.94225584
1022.93519043
1023.5948869
1022.9349468
1022.93397227
1022.92398343
1022.93202321
1023.84841112
1022.93202321
1022.93104868
2045.88840987
1022.93397227
1022.94517949
1022.95029591
1022.93835767
1022.93104868
1022.92909964
1022.93202321
1022.93397227
1022.93908857
1022.93397227
1022.9371395
2045.88451168
1022.94103766
1022.94444857
1022.94420494
1022.93007416
1022.93738313
1022.93324137
1022.92593245
1022.92179078
1022.94128129
1022.9342159
1022.92690697
2045.88646077
1022.93616496
1022.94444857
1022.9342159
1022.8625929
1022.91472565
1022.92885601
1022.93202321
1022.94128129
1022.92593245
1022.9371395
1022.93202321
2045.86648274
1022.93007416
1022.94323039
1022.94737223
1022.93519043
1022.93007416
1022.93519043
1022.92081628
1022.92690697
1022.94225584
1022.91472565
1022.9371395
1022.93202321
2045.8806135
1022.94030675
1022.9342159
1022.93933221
1022.91375116
1022.93616496
1022.93397227
1022.93104868
1022.92179078
1022.91375116
1022.91472565
1022.9371395
2045.87866442
1022.94517949
1022.94444857
1022.94323039
1022.93933221
1022.93202321
1022.93616496
1022.93324137
1022.92690697
1022.93324137
1022.93616496
1022.9349468
2045.88694805
1022.94128129
1022.93324137
1022.94639768
1022.93104868
1022.93811404
1022.9342159
1022.93007416
1022.93835767
1022.92983053
1022.9237398
1022.93519043
1022.94420494
2045.87866442
1022.94444857
1022.95151411
1022.93933221
1022.93397227
1022.92885601
1022.9371395
1022.94225584
1022.93738313
1022.93299774
1022.9342159
1022.94225584
2045.88646077
1022.94420494
1022.94347402
1023.08529047
1022.92398343
1022.93519043
1022.9371395
1022.93324137
1022.93519043
1022.94006312
1022.92788149
1022.93104868
2045.86209737
1022.93104868
1022.94420494
1022.93299774
1022.93104868
1022.93007416
1022.92690697
1022.92812512
1022.92495794
1022.94128129
1022.93299774
1022.92495794
1022.93202321
2045.88646077
1022.94323039
1022.94615404
1022.9371395
1022.92690697
1022.93519043
1022.93104868
1022.94030675
1022.93811404
1022.93616496
1022.93104868
1022.92179078
2045.88499895
1022.93616496
1022.94225584
1022.92788149
1022.92276529
1022.9342159
1022.92495794
1022.93397227
1022.93908857
1022.91984177
1022.93933221
1022.92593245
2045.88694805
1022.94225584
1022.91691827
1022.93324137
1022.92179078
1022.93933221
1022.93104868
1022.93397227
1022.93104868
1022.93202321
1022.91570015
1022.92081628
1022.92593245
2045.86599547
1022.94225584
1023.60684046
1022.92398343
1022.93519043
1022.93104868
1022.93104868
1022.94420494
1022.93324137
1022.93835767
1022.93104868
1022.9271506
2045.89279535
1022.93811404
1022.94128129
1022.92983053
1022.93811404
1022.93616496
1022.92885601
1022.93104868
1022.94323039
1022.93299774
1022.9349468
1022.92983053
2045.88256259
1022.93397227
1022.93519043
1022.93519043
1022.93299774
1022.93104868
1022.92593245
1022.93811404
1022.93835767
1022.93616496
1022.93202321
1022.91570015
1022.93616496
2045.89035897
1022.93811404
1022.92885601
1022.93202321
1022.93104868
1022.92909964
1022.93835767
1022.93104868
1022.93007416
1022.9371395
1022.92398343
1022.94030675
2045.87671534
1023.25201162
1023.12720939
1022.92495794
1022.93616496
1022.9342159
1022.94323039
1022.93397227
1022.9342159
1022.93104868
1022.91570015
1022.93202321
2045.88451168
1022.94834679
1022.92983053
1022.92983053
1022.93299774
1022.94249948
1022.9371395
1022.9371395
1022.9349468
1022.92909964
1022.93202321
1022.93835767
1022.91691827
2045.88646077
1022.93202321
1022.92179078
1022.9342159
1022.92885601
1022.93007416
1022.92593245
1022.94225584
1022.93104868
1022.93202321
1022.93202321
1022.94128129
2045.8616101
1022.92690697
1022.92983053
1022.93007416
1022.91789277
1022.92276529
1022.9342159
1022.92495794
1022.92495794
1022.92788149
1022.92081628
1022.92885601
2045.89035897
1022.94128129
1022.92081628
1022.93616496
1022.93299774
1022.93933221
1022.93202321
1022.93835767
1022.91789277
1022.93519043
1022.93202321
1022.93202321
2045.89035897
1022.92593245
1022.93299774
1022.92812512
1022.93007416
1022.92593245
1022.92788149
1022.94030675
1022.93397227
1022.92812512
1022.93299774
1022.93202321
1022.94517949
2045.88012623
1022.9271506
1022.93616496
1022.91984177
1022.93616496
1022.92081628
1022.94030675
1022.94323039
1022.93519043
1022.92909964
1022.92690697
1022.91764914
2045.84991588
1022.94542312
1022.92593245
1022.9237398
1022.93616496
1022.92812512
1022.93299774
1022.93811404
1022.93202321
1022.94030675
1022.93226684
1022.9371395
2045.88889715
1022.94128129
1022.92909964
1022.92593245
1022.93104868
1022.9371395
1022.94225584
1022.93933221
1022.95029591
1022.91984177
1022.93811404
1022.92812512
2045.86014832
1022.9349468
1022.93397227
1022.93908857
1022.94030675
1022.94225584
1022.93933221
1022.94006312
1022.93202321
1022.93104868
1022.93811404
1022.93835767
1022.91886727
2045.87817715
1022.9371395
1022.9342159
1022.93908857
1022.93835767
1022.94956499
1022.93811404
1023.18668165
1022.93202321
1022.93811404
1022.94006312
1023.12623449
2045.88840987
1022.94030675
1022.93324137
1022.94030675
1022.93933221
1022.9349468
1022.9371395
1022.94542312
1022.93811404
1022.93007416
1022.93616496
1022.93202321
2045.83773454
1022.94225584
1022.92690697
1022.94128129
1022.94225584
1022.91984177
1022.94517949
1022.94323039
1022.93592133
1022.93933221
1022.92983053
1022.94420494
1022.9371395
2045.88499895
1022.9371395
1022.92788149
1022.93616496
1022.94323039
1022.94225584
1022.94323039
1022.9371395
1022.92593245
1022.93202321
1022.9342159
1022.9237398
2045.86453368
1022.92495794
1022.93616496
1022.94030675
1022.93616496
1022.92909964
1022.93908857
1022.93616496
1022.92690697
1022.93616496
1022.94225584
1022.92909964
2045.88256259
1022.93933221
1022.93933221
1022.94225584
1022.94030675
1022.94737223
1022.94347402
1022.92788149
1022.93007416
1022.93933221
1022.93299774
1022.9271506
2045.86453368
1022.93811404
1022.93007416
1022.92788149
1022.92983053
1022.9342159
1022.94834679
1022.92495794
1022.93104868
1022.9349468
1022.93202321
1022.92081628
1022.93007416
2045.86404642
1022.93324137
1022.94103766
1022.93104868
1022.94225584
1022.93299774
1022.94639768
1022.93202321
1022.93933221
1022.93202321
1022.91253305
1022.94030675
2045.8806135
1022.93104868
1022.9371395
1022.94225584
1022.93908857
1022.94323039
1022.94323039
1022.92300892
1022.93933221
1022.93908857
1022.91691827
1022.91984177
2045.88646077
1022.9349468
1022.92909964
1022.92788149
1022.94225584
1022.94249948
1022.9342159
1022.93519043
1022.94006312
1022.93616496
1022.92081628
1022.93933221
1022.93202321
2045.86404642
1022.93616496
1022.93616496
1022.9371395
1022.94932135
1022.93933221
1022.93397227
1022.92812512
1022.94323039
1022.93299774
1022.92179078
1022.92788149
2045.88012623
1022.9371395
1022.93811404
1022.94225584
1022.94420494
1022.9371395
1023.1649881
1022.93299774
1022.93933221
1022.92179078
1022.92276529
1022.91253305
2045.86209737
1022.93299774
1022.93933221
1022.94030675
1022.94420494
1022.94225584
1022.93908857
1022.92593245
1022.92909964
1022.94323039
1022.91570015
1022.93202321
2045.8806135
1022.93202321
1022.93616496
1022.94030675
1022.94030675
1022.94517949
1022.9349468
1022.92593245
1022.93811404
1022.94006312
1022.93616496
1022.9237398
1022.93616496
2045.86209737
1022.92495794
1022.94006312
1022.9371395
1022.94517949
1022.92179078
1022.93324137
1022.93519043
1022.92788149
1022.92885601
1022.92495794
1022.92983053
2045.86599547
1022.92812512
1022.94128129
1022.94006312
1022.94128129
1022.93616496
1023.50243915
1022.93811404
1022.94103766
1022.9371395
1022.93202321
1022.93007416
2045.874279
1022.94030675
1022.93933221
1022.93835767
1022.94323039
1019.38732717
1022.93007416
1022.92593245
1022.94347402
1022.92398343
2045.84358156
1023.1540198
1022.92885601
1022.93299774
1022.93104868
1022.93811404
1022.93397227
1022.9371395
1022.93299774
1022.94225584
1022.93007416
1022.92788149
2045.87232993
1022.93007416
1022.94542312
1022.94128129
1022.94225584
1022.94444857
1022.9371395
1022.94030675
1022.93519043
1022.93007416
1022.93299774
1022.92081628
2045.88451168
1022.92983053
1022.93811404
1022.93908857
1022.94956499
1022.94128129
1022.92909964
1022.92276529
1023.66222083
1022.93202321
1022.92593245
1022.92885601
1022.92495794
2045.88012623
1022.93519043
1022.93519043
1022.94932135
1022.94128129
1022.87477298
1022.92909964
1022.92276529
1022.91984177
1022.93811404
1022.93104868
1022.92885601
2045.86404642
1022.93933221
1022.93616496
1022.94517949
1022.94128129
1022.94030675
1022.94030675
1022.92983053
1022.94030675
1022.92203441
1022.92593245
1022.92495794
2045.8806135
1022.94639768
1022.94737223
1022.94737223
1022.94323039
1022.94347402
1022.93811404
1022.92909964
1022.92179078
1022.93202321
1022.91984177
1022.94225584
2045.874279
1022.94225584
1022.94542312
1022.94444857
1022.92909964
1022.94420494
1022.9342159
1022.94225584
1022.94225584
1022.92788149
1022.94030675
1022.93226684
1022.9342159
2045.8806135
1022.93299774
1022.93104868
1022.92983053
1022.93202321
1022.93202321
1022.93299774
1022.91984177
1022.93324137
1022.91667465
1022.92495794
1022.92276529
2045.88256259
1022.94639768
1022.94444857
1022.94030675
1022.94225584
1022.93933221
1022.9349468
1022.94517949
1022.92081628
1022.93104868
1022.93933221
1022.93811404
2045.8806135
1022.9342159
1022.94834679
1022.94103766
1022.92812512
1022.93519043
1022.94030675
1022.92495794
1022.92081628
1022.93811404
1022.93202321
1022.92179078
1022.92788149
2045.88256259
1022.92909964
1022.93104868
1022.93616496
1022.9371395
1022.93324137
1022.92593245
1022.93226684
1022.94225584
1022.93397227
1022.94128129
1022.92788149
2045.89084625
1022.93007416
1022.93738313
1022.94323039
1022.94737223
1022.9342159
1022.93299774
1022.92593245
1022.91984177
1022.92788149
1022.91472565
1022.9349468
2045.88840987
1022.94737223
1022.94737223
1022.94128129
1022.94323039
1022.93519043
1022.9371395
1022.91570015
1022.93080505
1022.93007416
1022.94323039
1022.92081628
2045.88256259
1022.95029591
1022.94128129
1022.94030675
1022.9342159
1022.93835767
1022.72668296
1022.94030675
1022.91350754
1022.9371395
1022.93104868
1022.92593245
1022.92471431
2045.89084625
1022.94542312
1022.93202321
1022.94517949
1022.94542312
1022.92593245
1022.92081628
1022.92983053
1022.91570015
1022.94128129
1022.93202321
1022.93933221
2045.86404642
1022.94737223
1022.92909964
1022.94542312
1022.94347402
1022.93616496
1022.93933221
1022.92203441
1022.99853897
1022.93202321
1022.93202321
1022.92690697
2045.8806135
1022.94323039
1022.94225584
1022.93104868
1022.93616496
1022.93811404
1022.93226684
1022.93007416
1022.92812512
1022.92812512
1022.93835767
1022.93299774
1022.93299774
2045.874279
1022.93811404
1022.93007416
1022.93324137
1022.9342159
1022.93397227
1022.92300892
1022.91472565
1022.93324137
1022.92276529
1022.91570015
1022.93007416
2045.89035897
1022.93324137
1022.9342159
1022.93007416
1022.92788149
1022.91984177
1022.94128129
1022.93202321
1022.9371395
1022.93519043
1022.94006312
1022.92909964
2045.88256259
1022.94517949
1022.94128129
1022.93519043
1022.94639768
1022.93738313
1022.92593245
1022.93299774
1022.9371395
1022.94323039
1022.92812512
1022.9371395
2045.88451168
1022.94761587
1022.94323039
1022.9371395
1022.93908857
1022.91789277
1022.91984177
1022.92593245
1022.92495794
1022.91886727
1022.92495794
1022.9271506
1022.94030675
2045.86014832
1022.94444857
1022.94517949
1022.94956499
1022.92081628
1022.91984177
1022.9349468
1022.93324137
1022.93835767
1022.92788149
1022.9342159
1022.93202321
2046.10965659
1022.93104868
1022.94444857
1022.94030675
1022.9271506
1022.94006312
1022.92690697
1022.93908857
1021.53208527
1022.93007416
2045.86599547
1022.94030675
1022.93811404
1022.94030675
1022.92593245
1022.92568882
1022.94639768
1022.92593245
1022.93908857
1022.93519043
1022.91764914
1022.92885601
2045.88451168
1022.94030675
1022.94347402
1022.93738313
1022.92081628
1022.94225584
1022.92593245
1022.93835767
1022.93007416
1022.94323039
1022.93324137
1022.94030675
2045.88451168
1022.94347402
1022.94615404
1022.94420494
1022.92179078
1022.91375116
1022.93007416
1022.93007416
1022.93908857
1022.93226684
1022.94225584
1022.93397227
1022.9371395
2045.86404642
1022.94030675
1022.94737223
1023.26615129
1022.9271506
1022.92081628
1022.94006312
1022.93519043
1022.93616496
1022.93299774
1022.9342159
1022.93007416
2045.85819927
1022.94517949
1022.94420494
1022.93007416
1022.91570015
1022.92690697
1022.93299774
1022.92690697
1022.93007416
1022.93835767
1022.91764914
1022.94128129
2045.87866442
1022.93104868
1022.92983053
1022.9371395
1022.9237398
1022.92593245
1022.92788149
1022.92081628
1022.93202321
1022.92788149
1022.94225584
1022.92081628
1022.9371395
2045.86599547
1022.94542312
1022.94347402
1022.92081628
1022.93007416
1022.91667465
1022.94030675
1022.91570015
1022.93519043
1022.92885601
1022.92593245
1022.93007416
2045.88256259
1022.93202321
1022.94517949
1022.91570015
1022.91984177
1022.91984177
1022.91375116
1022.92690697
1022.93104868
1022.92495794
1022.9371395
1022.91472565
2045.87622807
1022.94542312
1022.94225584
1022.92495794
1022.93202321
1022.93202321
1022.92788149
1022.92495794
1022.93519043
1022.93104868
1022.92300892
1022.93324137
1022.94006312
2045.86404642
1022.9342159
1022.92788149
1022.91350754
1022.93202321
1022.92081628
1022.9342159
1022.92690697
1022.9371395
1022.92179078
1022.90960959
1022.92812512
2045.88207532
1022.93299774
1022.93202321
1022.9349468
1022.92300892
1022.94128129
1022.93104868
1022.92593245
1022.92690697
1022.92398343
1022.91764914
1022.92690697
2045.86209737
1022.94225584
1022.94128129
1022.93104868
1022.93226684
1022.93324137
1022.94225584
1023.73883616
1022.94225584
1022.93202321
1022.93616496
1022.92909964
1022.9371395
2045.88451168
1023.4124467
1022.93738313
1022.93007416
1022.93104868
1022.93616496
1022.94639768
1022.93519043
1022.9371395
1022.93104868
1022.93835767
1022.93397227
2045.88451168
1022.93933221
1022.92593245
1022.93835767
1022.92495794
1022.93104868
1022.91667465
1022.92276529
1022.92179078
1022.92690697
1022.91667465
1022.92471431
2045.8684318
1022.93616496
1022.92983053
1022.91789277
1022.92081628
1022.92690697
1022.94420494
1023.36050704
1022.94323039
1022.92812512
1022.93324137
1022.93397227
1022.9371395
2046.87805637
1022.93616496
1022.94103766
1022.92593245
1022.9371395
1022.93933221
1022.92909964
1022.92885601
1022.93835767
1022.93299774
1022.9237398
1022.91570015
2045.86209737
1022.93397227
1022.92398343
1022.92081628
1022.92788149
1022.93933221
1022.92276529
1022.92398343
1022.9237398
1022.93324137
1022.92909964
1022.93104868
2045.87671534
1022.92398343
1022.9371395
1022.92081628
1022.92568882
1022.93324137
1022.93616496
1022.94420494
1022.94006312
1022.93007416
1022.93811404
1022.91375116
1022.92276529
2045.85966106
1022.93616496
1022.93933221
1022.91886727
1022.93519043
1023.87696791
1022.94615404
1022.93202321
1022.92471431
1022.92690697
1022.91764914
1022.92495794
2045.84991588
1022.94420494
1022.9271506
1022.92593245
1022.93202321
1022.93616496
1022.93202321
1022.94956499
1022.92885601
1022.93616496
1022.92300892
1022.93104868
2045.87232993
1022.92276529
1023.94165372
1022.9342159
1022.93226684
1022.92398343
1022.94006312
1022.93738313
1022.94639768
1022.93202321
1022.92276529
1022.92081628
1022.64291419
2045.86453368
1022.9371395
1022.93226684
1022.93519043
1022.94323039
1022.93616496
1022.93519043
1022.92593245
1022.93519043
1022.93616496
1022.93007416
1022.94128129
2045.87817715
1022.93202321
1022.92690697
1022.93202321
1022.94542312
1022.94030675
1022.9349468
1022.95029591
1022.93202321
1022.91667465
2045.874279
1022.92690697
1022.92593245
1022.93616496
1022.9371395
1022.9349468
1022.92885601
1022.92276529
1022.93835767
1022.92909964
1022.92812512
2045.88646077
1022.94006312
1022.93616496
1022.93811404
1022.92471431
1022.92276529
1022.94030675
1022.94323039
1022.92300892
1022.9349468
1022.94030675
1022.92885601
1022.91472565
2045.86209737
1022.92081628
1022.92276529
1022.92495794
1022.93811404
1022.93933221
1022.95468145
1022.93592133
1022.93933221
1022.93616496
1022.94420494
1022.9371395
2045.88646077
1022.93202321
1022.93908857
1022.93835767
1022.9271506
1022.94006312
1022.94225584
1022.9371395
1022.92495794
1022.94128129
1022.93811404
1022.93104868
2045.88840987
1022.93811404
1022.92788149
1022.93811404
1023.08845864
1022.94128129
1022.93811404
1022.9342159
1022.9237398
1022.92690697
1022.93104868
1022.93299774
2045.85771201
1022.94420494
1022.9342159
1022.92885601
1022.94128129
1022.93324137
1022.93811404
1022.9342159
1022.9371395
1022.92788149
1022.94030675
1022.92495794
1022.94030675
2045.86404642
1022.9371395
1022.9371395
1022.94420494
1022.92593245
1022.94639768
1022.93738313
1022.9371395
1022.93811404
1022.93519043
1022.94542312
1022.92885601
2045.89084625
1022.92593245
1022.91764914
1022.93811404
1022.94030675
1023.57195635
1022.92983053
1022.93519043
1022.92690697
1022.92909964
1023.09162683
1022.92495794
2045.85771201
1022.92398343
1022.92495794
1022.9371395
1022.93616496
1022.94225584
1022.94323039
1022.93519043
1022.93324137
1022.94128129
1022.9342159
1022.91570015
2045.88694805
1022.93908857
1022.93616496
1022.93007416
1022.93299774
1022.94323039
1022.93835767
1022.9237398
1022.93519043
1022.92690697
1022.93397227
1022.93299774
1022.93007416
2045.88256259
1022.9349468
1022.93202321
1022.93007416
1022.94128129
1022.94225584
1022.93519043
1022.9342159
1022.93811404
1022.93202321
1022.92909964
1022.93835767
2045.85381394
1022.92593245
1022.94030675
1022.93811404
1022.92909964
1022.94542312
1022.93933221
1022.92593245
1022.93933221
1022.94128129
1022.92276529
1022.93592133
2045.88451168
1022.9371395
1022.93397227
1022.93592133
1022.94347402
1022.9342159
1022.9371395
1022.93226684
1022.93811404
1022.94030675
1022.91886727
1022.94006312
2045.874279
1022.93616496
1022.92495794
1022.9371395
1022.94030675
1022.94323039
1022.93616496
1022.98830521
1022.93908857
1022.94444857
1022.9371395
1022.92812512
1022.9349468
2045.8806135
1022.93616496
1022.93616496
1022.93104868
1022.92593245
1022.92203441
1022.93104868
1022.9349468
1022.93835767
1022.93007416
1022.9371395
1022.91984177
2045.87866442
1022.92593245
1022.93616496
1022.93908857
1022.94542312
1022.92276529
1022.94323039
1022.93811404
1022.93202321
1022.93616496
1022.92179078
1022.92398343
2045.88451168
1022.94030675
1022.93592133
1022.93104868
1022.93908857
1022.93104868
1022.92593245
1022.92788149
1022.92690697
1022.93202321
1022.94542312
1022.93202321
2045.88451168
1022.93519043
1023.67954368
1022.93811404
1022.94323039
1022.92909964
1022.92788149
1022.92788149
1022.94030675
1022.93908857
1022.92885601
1022.93397227
1022.93397227
2045.84942862
1023.32247007
1022.92909964
1022.93202321
1022.92593245
1022.92788149
1022.92788149
1022.9342159
1022.92788149
1022.93299774
1022.9371395
1022.94030675
2046.76344238
1022.93908857
1022.9371395
1022.94030675
1022.93299774
1022.94030675
1022.93933221
1022.93908857
1022.91862364
1022.93397227
1022.94347402
1022.91789277
2045.874279
1022.93519043
1022.92593245
1022.93324137
1022.93616496
1022.93933221
1022.94639768
1022.93202321
1023.23372814
1022.9371395
1022.93397227
1022.93397227
1022.9371395
2045.86209737
1022.92812512
1022.94128129
1022.94517949
1022.93007416
1022.94323039
1022.94225584
1022.92690697
1022.92909964
1022.92909964
1022.93007416
1022.9371395
2045.85625023
1022.93908857
1022.94249948
1022.94737223
1022.9371395
1022.9342159
1022.92812512
1022.91984177
1022.94128129
1022.9342159
1022.93519043
1022.92276529
2045.86794453
1022.94128129
1022.94225584
1022.93104868
1022.94225584
1022.93324137
1022.9237398
1023.8454823
1022.91789277
1022.94323039
1022.92179078
1022.93811404
1994.47639418
1022.9349468
1022.9349468
1022.9371395
1022.9349468
1022.9342159
1022.92495794
1022.91691827
1022.92300892
1022.91886727
1022.91448203
2045.87671534
1022.94517949
1022.9342159
1022.94225584
1022.94444857
1022.93811404
1022.92909964
1022.91058407
1022.92081628
1022.91886727
1022.93519043
1022.93811404
2045.89035897
1022.94225584
1022.94420494
1022.94128129
1022.9371395
1022.93104868
1022.93933221
1022.93835767
1022.91984177
1022.93519043
1022.9342159
1022.94542312
2047.32834535
1022.94128129
1022.94444857
1022.94323039
1022.94639768
1022.94737223
1022.9371395
1022.92788149
1022.93811404
1022.93324137
1022.93299774
1022.9342159
2045.86599547
1022.94225584
1022.94420494
1022.94128129
1022.94737223
1022.93616496
1022.92909964
1022.9371395
1022.9349468
1022.9371395
1022.92788149
1022.94225584
2045.89669358
1022.94323039
1022.94225584
1022.94128129
1022.94347402
1022.9342159
1022.92909964
1022.91253305
1022.93202321
1022.92788149
1022.93908857
1022.94128129
1022.93202321
2045.88694805
1022.93397227
1022.94323039
1022.94737223
1022.94006312
1022.92690697
1022.94006312
1022.92081628
1022.92690697
1022.92593245
1022.92593245
1022.91984177
2045.88889715
1022.94542312
1022.93933221
1022.94347402
1022.94932135
1022.94030675
1022.92179078
1022.92081628
1022.91959815
1022.94030675
1022.93324137
1022.75542076
2045.86404642
1022.93299774
1022.9342159
1022.92593245
1022.93397227
1022.93007416
1022.93616496
1022.93397227
1022.94128129
1022.9237398
1022.94517949
1022.93616496
1022.93397227
2045.87817715
1022.94128129
1022.94030675
1022.93104868
1022.94956499
1022.91155856
1022.93738313
1022.92300892
1022.92593245
1022.92276529
1022.92788149
1022.93007416
2045.85381394
1022.94517949
1022.94542312
1022.94420494
1022.9371395
1022.93616496
1022.93226684
1022.94103766
1022.93007416
1022.94128129
1022.92885601
1022.91984177
2045.88207532
1022.94420494
1022.94225584
1022.9371395
1022.93616496
1022.91764914
1022.92690697
1022.93616496
1022.92983053
1022.9271506
1022.94542312
1022.93299774
2045.90302822
1022.93299774
1022.93933221
1022.94030675
1022.94249948
1022.93104868
1022.92495794
1022.94542312
1022.91570015
1022.93835767
1022.93007416
1022.92398343
1022.93299774
2045.86209737
1022.94128129
1022.94639768
1022.94128129
1022.93202321
1022.92909964
1022.92081628
1022.9371395
1022.92471431
1022.93104868
1023.6580732
1022.94128129
2045.87038086
1022.9349468
1022.94128129
1022.94542312
1022.60833921
1022.92276529
1022.92788149
1022.93299774
1022.94128129
1022.93616496
1022.94737223
1022.93397227
2045.88840987
1022.94225584
1022.94639768
1022.94737223
1022.93616496
1022.91862364
1022.92690697
1022.93104868
1022.92690697
1022.93811404
1022.93519043
1022.9371395
2045.87232993
1022.93908857
1022.92788149
1022.94420494
1022.94225584
1022.93007416
1022.93202321
1022.93007416
1022.93519043
1022.92885601
1022.94737223
1022.91959815
1022.93811404
2045.88012623
1022.94444857
1022.94737223
1022.94128129
1022.91570015
1022.92276529
1022.93933221
1022.9371395
1022.94542312
1022.93519043
1022.93616496
1022.93592133
2045.88451168
1022.93811404
1022.94420494
1022.94444857
1022.92276529
1022.93616496
1022.91862364
1022.94225584
1022.93202321
1022.9371395
1022.91886727
1022.93933221
2045.88694805
1022.93616496
1022.90863511
1022.9371395
1022.92909964
1022.93519043
1022.9342159
1022.93397227
1022.94225584
1022.93908857
1022.93933221
1022.92179078
1022.93007416
2045.88012623
1022.94225584
1022.94420494
1022.92300892
1022.93616496
1022.92593245
1022.92690697
1022.93616496
1022.94834679
1022.93519043
1022.93519043
1022.93202321
2045.87232993
1022.94347402
1022.94639768
1022.94323039
1022.92495794
1022.9371395
1022.9342159
1022.94517949
1022.93933221
1022.92203441
1022.92812512
1022.91886727
2045.86404642
1022.93616496
1022.94347402
1022.93202321
1022.93908857
1022.92690697
1022.94323039
1022.93226684
1022.93202321
1022.92593245
1022.92788149
1022.92179078
2045.87232993
1022.93835767
1022.94542312
1022.93299774
1022.92690697
1022.9371395
1022.93202321
1022.93811404
1022.92788149
1022.93519043
1022.91667465
1022.93616496
1022.92398343
2045.88889715
1022.94444857
1022.93616496
1022.93202321
1022.93202321
1022.93104868
1022.92398343
1022.94030675
1022.93324137
1023.42073802
1022.92909964
1022.93811404
2045.88451168
1022.94834679
1022.94737223
1023.70223505
1022.93933221
1022.92495794
1022.8942617
1022.93299774
1022.93616496
1022.93299774
1022.94030675
1022.92276529
2045.88256259
1022.94737223
1023.84230944
1022.94225584
1022.93202321
1022.91862364
1022.93616496
1022.94347402
1022.92690697
1022.94323039
1022.92983053
1022.92593245
2045.88840987
1022.94420494
1022.83287474
1022.93835767
1022.92909964
1022.92812512
1022.94030675
1022.93202321
1022.94128129
1022.93811404
1022.9342159
1022.9342159
1022.93933221
2045.88889715
1022.94225584
1022.94444857
1022.92495794
1022.92690697
1022.93397227
1022.92495794
1022.9371395
1022.93811404
1022.93104868
1022.93835767
0.0
0.0
0.0
0.0
0.0
0.0
0.0
0.0
0.0
0.0
0.0
0.0
0.0
0.0
4837329.48467
13213684.4515
13033700.5899
13016044.3058
12937521.9875
12867985.645
12882413.7385
12906874.9095
13080517.0424
13098018.2988
12961955.0909
12949883.5917
12933117.7923
12927344.1253
12905634.3746
12932624.9644
13138570.2452
13159728.2336
12892793.818
13082119.3095
12949094.0108
13115298.1548
13048613.6844
13111086.7227
13054769.5642
13041514.8905
12982351.2094
12931655.8969
12933157.8363
13106762.8275
12947542.6606
13063196.6194
12980879.9745
13040028.0303
13047403.3804
13071666.9344
13066248.298
13089389.205
13090851.2955
13088488.3027
13139991.7098
12950475.7404
12970133.2193
13092418.8899
13060148.1254
13137111.2284
12962998.2704
12989053.3211
13011138.6912
13153038.3897
13079291.7327
13002484.5515
12904083.3841
13131236.1329
13093333.2136
12983973.8788
13054203.696
12896992.2608
12944600.3499
12904150.9982
12918668.2199
12946225.6724
13122727.4924
13116732.1458
13144083.8921
13064284.8889
12992795.0677
12931812.9758
13113836.0512
13015620.7446
12983664.7402
12902818.2101
12947726.2382
12969332.6957
12920099.3313
12928753.6713
12985228.7489
13080697.736
13127892.9813
13072180.7705
13095190.8042
13106029.2773
13051363.6397
13015207.3325
13259959.4931
13189147.5261
13041645.3475
13081680.4743
12943840.0522
12902741.3832
12963521.9892
12866474.8012
12933142.4347
12920034.7106
13046089.7358
12936928.959
13077954.195
13043169.5104
13112920.9847
13086471.268
13102342.1828
13170449.7341
13099514.7132
13113836.0512
13089093.0469
13132562.1662
13060434.2963
12899860.6814
13099106.7513
13083459.8591
0.0
0.0
0.0
0.0
0.0
0.0
0.0
0.0
0.0
0.0
0.0
0.0
0.0
0.0
0.0
0.0
0.0
0.0
0.0
0.0
0.0
0.0
0.0
0.0
0.0
0.0
0.0
0.0
0.0
0.0
0.0
0.0
0.0
3332419.44071
13081569.3776
13197546.7489
26463505.9371
13098083.81
13055771.4119
13091320.6951
13063081.5043
13251643.8602
13253270.5563
13275978.3717
13141334.9218
13232369.0601
13192865.4977
13197986.016
13191509.6499
13066142.4905
13239866.3217
13119793.8527
13049957.5891
13042920.9927
13052349.2439
13030444.1479
13035831.404
12996748.1246
13070653.1769
13244167.9859
13261456.5171
13261007.6911
13213912.8856
13215288.3155
13111127.3178
13219179.0862
13208202.5098
13186038.5642
13057531.9696
13058352.4618
13066621.2955
13239841.0948
13245071.8957
13180547.0326
13258620.3699
13264324.2317
13116810.2464
13048890.2797
13051833.02
13594205.1668
13262337.3106
13216909.7007
13266717.8222
13020355.9006
13242099.2278
13212438.0963
13251413.118
13249928.746
13238381.9798
13260054.2374
12999473.9235
13254157.7556
13200653.4672
13063342.8497
13274582.4576
13092232.3161
12995341.8671
13209175.0965
13151791.8449
13025154.1679
13061933.6813
13223926.4132
13103361.851
13092915.352
13027355.6871
13196408.2914
13041682.6214
13199291.4582
12970819.3579
13208827.0459
13238855.991
13202219.4416
13263054.3685
13223954.7594
13221086.9393
13216681.3091
13225363.4661
13263821.9433
13226835.1697
13173348.1881
13193553.0018
13252673.3923
13202219.4416
13210605.8361
13675238.4694
13037329.0427
13222508.2538
13251425.7425
13222511.403
13235331.3626
13242614.2478
13244048.1203
13132774.8569
13203028.5498
13300328.1244
13115837.2921
13080647.889
13061933.6813
12947054.3467
13124400.6341
13261497.5776
12990860.0455
13251454.1477
13213527.0983
13119740.7318
13019932.3403
13041384.4361
13213577.4509
13193537.2901
13149854.1176
12996726.4565
13048295.793
13220001.0212
13262827.1995
13235447.9967
13192078.221
13239629.823
13203665.9432
13207936.2411
13051860.9974
13226743.8126
13079332.2295
13229368.9791
13202528.5871
13214145.7758
13267030.7852
13102317.2181
13094928.8211
13098083.81
13105250.7772
13089195.9214
13080368.6875
13040273.3871
13242598.4778
13277396.4111
13038829.9841
13186345.6122
13213844.9557
13196103.4268
13261194.3677
13229740.7821
13255777.884
13238340.9908
13203650.2195
13203452.1042
13239522.613
13209316.6675
13162217.1698
13138573.3744
13031777.3322
13181569.9749
13221223.9492
13218127.8102
13244872.3161
13250390.1767
13191961.9689
13222549.194
13265893.9449
13203678.5221
13147289.9594
13125716.1317
13222375.9871
13250591.9104
13036189.7622
13015580.4453
13037147.488
13316426.4587
12997820.039
13155968.9933
13240943.8528
13205203.6528
13144359.3805
13216709.6397
13195012.0754
13080052.9893
13043217.1821
13182831.2318
13215529.3188
13214551.8365
13235183.2087
13053030.817
13058502.0343
12968996.0111
13128871.4249
13085037.2355
13112495.7476
13105250.7772
13043872.0068
13079111.058
13158887.0773
13179113.0839
13200637.7472
12961930.3939
13031504.3277
13204478.1728
13231535.2169
13540183.1634
13037741.8287
13040363.8329
13047456.2083
13147062.643
13055874.024
13224105.2583
13280793.582
13110478.319
13089339.3248
13056107.2394
13052928.2268
13063081.5043
13158836.9321
13236976.4631
13216656.1264
13206558.9462
13189200.9279
13223916.9645
13226312.8356
13320099.7257
13227580.8729
13161758.5193
13238422.9691
13197562.465
13212291.4568
13152812.8404
13144071.3701
13164372.1128
13227913.0628
13144002.5
13207569.3038
13204102.0838
13242696.2521
13087261.5501
13074914.8509
13097267.2036
13114390.7923
13076087.288
13059040.6728
13209146.7827
13248031.5327
13053665.7816
13233432.956
13229570.6324
13191136.9675
13194961.7926
13210210.6004
13213630.951
13256150.9304
13234055.0832
13210844.9611
13235186.3609
13254189.3231
13308649.9784
13081083.9103
13050035.2906
13237014.2954
13232236.6974
13231149.4722
13248346.566
13233963.6763
13091897.4012
13069128.8503
13050389.6212
13241300.2125
13281404.5601
16079700.0735
13113679.8874
13071863.0699
13052953.097
13271506.1136
13134862.6375
13076731.9653
13106011.5098
13068102.7985
13044212.1378
13228294.2764
13206294.7353
13255591.614
13198641.1458
13247007.3529
13090720.3461
13035896.6042
13156835.2567
13086280.8232
13246887.462
13241966.7675
13206929.0336
13112417.6726
13093650.7451
13079291.7327
13204926.8872
13211764.0576
13222708.2169
13226822.5686
13222190.1884
13297729.7153
13211392.7654
13205536.0059
13312178.9224
13245655.4991
13225376.0657
13204886.0024
13207687.7321
13228281.674
13237968.9484
13210832.3754
13229715.5744
13228240.7162
13042472.5869
13224258.635
13170079.5971
13239390.1796
13213143.1721
13190685.1292
13299147.7139
0.0
0.0
