78052.000000
78845.000000
78827.000000
78796.000000
78850.000000
78467.000000
78457.000000
78913.000000
78898.000000
78925.000000
79013.000000
78965.000000
79002.000000
78974.000000
78973.000000
78964.000000
79017.000000
78929.000000
78929.000000
78842.000000
78921.000000
78933.000000
78981.000000
78916.000000
78968.000000
78964.000000
79206.000000
79207.000000
79215.000000
79212.000000
79216.000000
79216.000000
79210.000000
79215.000000
79209.000000
79215.000000
79256.000000
79167.000000
175464.000000
61.000000
36257.000000
468.000000
442.000000
479.000000
476.000000
450.000000
469.000000
531.000000
474.000000
501.000000
507.000000
474.000000
483.000000
490.000000
530.000000
502.000000
546.000000
535.000000
491.000000
356.000000
366.000000
439.000000
492.000000
386.000000
419.000000
353.000000
414.000000
470.000000
483.000000
411.000000
517.000000
471.000000
494.000000
356.000000
529.000000
469.000000
445.000000
469.000000
471.000000
584.000000
376.000000
516.000000
441.000000
391.000000
422.000000
398.000000
477.000000
406.000000
462.000000
491.000000
425.000000
439.000000
464.000000
470.000000
514.000000
470.000000
466.000000
449.000000
462.000000
478.000000
511.000000
512.000000
509.000000
480.000000
519.000000
452.000000
502.000000
474.000000
460.000000
84.000000
34155.000000
422.000000
434.000000
418.000000
426.000000
407.000000
434.000000
461.000000
468.000000
362.000000
420.000000
467.000000
413.000000
388.000000
396.000000
530.000000
393.000000
461.000000
484.000000
477.000000
370.000000
436.000000
499.000000
454.000000
361.000000
415.000000
368.000000
459.000000
365.000000
470.000000
436.000000
474.000000
445.000000
503.000000
521.000000
352.000000
479.000000
465.000000
473.000000
416.000000
431.000000
380.000000
437.000000
454.000000
453.000000
418.000000
442.000000
506.000000
489.000000
446.000000
447.000000
498.000000
443.000000
442.000000
474.000000
557.000000
381.000000
418.000000
478.000000
428.000000
458.000000
371.000000
448.000000
410.000000
431.000000
447.000000
433.000000
375.000000
394.000000
495.000000
445.000000
536.000000
465.000000
453.000000
458.000000
465.000000
476.000000
433.000000
465.000000
472.000000
461.000000
483.000000
475.000000
477.000000
490.000000
90.000000
34148.000000
414.000000
430.000000
425.000000
424.000000
403.000000
405.000000
387.000000
486.000000
453.000000
455.000000
417.000000
436.000000
432.000000
397.000000
506.000000
414.000000
432.000000
412.000000
473.000000
423.000000
436.000000
417.000000
381.000000
468.000000
480.000000
430.000000
444.000000
413.000000
383.000000
391.000000
606.000000
402.000000
402.000000
441.000000
411.000000
505.000000
517.000000
454.000000
458.000000
499.000000
437.000000
428.000000
407.000000
376.000000
363.000000
462.000000
427.000000
405.000000
508.000000
533.000000
417.000000
406.000000
446.000000
444.000000
457.000000
409.000000
420.000000
402.000000
470.000000
449.000000
452.000000
458.000000
429.000000
421.000000
474.000000
418.000000
410.000000
379.000000
444.000000
527.000000
395.000000
351.000000
448.000000
452.000000
411.000000
445.000000
440.000000
421.000000
444.000000
453.000000
517.000000
454.000000
422.000000
389.000000
379.000000
438.000000
447.000000
428.000000
432.000000
418.000000
459.000000
413.000000
474.000000
418.000000
456.000000
453.000000
468.000000
534.000000
341.000000
431.000000
420.000000
411.000000
462.000000
417.000000
433.000000
390.000000
468.000000
448.000000
136.000000
31814.000000
454.000000
452.000000
441.000000
456.000000
437.000000
453.000000
438.000000
433.000000
449.000000
440.000000
378.000000
467.000000
468.000000
467.000000
459.000000
448.000000
450.000000
432.000000
471.000000
557.000000
433.000000
423.000000
559.000000
444.000000
421.000000
481.000000
440.000000
487.000000
419.000000
456.000000
433.000000
470.000000
377.000000
462.000000
409.000000
451.000000
404.000000
475.000000
446.000000
476.000000
435.000000
452.000000
422.000000
458.000000
449.000000
448.000000
436.000000
393.000000
409.000000
425.000000
416.000000
433.000000
433.000000
453.000000
450.000000
459.000000
429.000000
412.000000
430.000000
468.000000
409.000000
429.000000
454.000000
488.000000
430.000000
537.000000
435.000000
419.000000
445.000000
421.000000
443.000000
429.000000
418.000000
418.000000
412.000000
447.000000
104828.000000
80.000000
39873.000000
436.000000
462.000000
515.000000
430.000000
513.000000
459.000000
513.000000
453.000000
509.000000
458.000000
438.000000
426.000000
493.000000
449.000000
501.000000
435.000000
489.000000
402.000000
415.000000
421.000000
353.000000
430.000000
417.000000
548498.000000
1.000000
1.000000
474.000000
558.000000
375.000000
34629.000000
480.000000
478.000000
447.000000
518.000000
488.000000
490.000000
34219.000000
514.000000
481.000000
561.000000
583.000000
571.000000
33877.000000
584.000000
572.000000
593.000000
571.000000
33599.000000
586.000000
573.000000
571.000000
573.000000
630.000000
600.000000
473.000000
599.000000
579.000000
585.000000
32913.000000
559.000000
513.000000
372.000000
556.000000
419.000000
516.000000
516.000000
41983.000000
513.000000
517.000000
569.000000
566.000000
32252.000000
572.000000
570.000000
578.000000
572.000000
581.000000
31923.000000
580.000000
586.000000
571.000000
575.000000
486.000000
31557.000000
527.000000
585.000000
572.000000
591.000000
552.000000
31220.000000
524.000000
561.000000
398.000000
529.000000
568.000000
546.000000
30828.000000
555.000000
551.000000
562.000000
555.000000
30575.000000
525.000000
558.000000
547.000000
550.000000
555.000000
557.000000
40247.000000
529.000000
555.000000
526.000000
545.000000
524.000000
524.000000
564.000000
552.000000
562.000000
557.000000
39570.000000
550.000000
522.000000
369.000000
534.000000
487.000000
491.000000
39184.000000
495.000000
497.000000
492.000000
498.000000
38936.000000
523.000000
536.000000
507.000000
516.000000
515.000000
38665.000000
478.000000
508.000000
514.000000
491.000000
509.000000
38357.000000
541.000000
554.000000
574.000000
545.000000
517.000000
38095.000000
562.000000
558.000000
612.000000
407.000000
548.000000
564.000000
37724.000000
566.000000
561.000000
543.000000
556.000000
550.000000
37435.000000
516.000000
518.000000
562.000000
554.000000
551.000000
37120.000000
560.000000
555.000000
550.000000
552.000000
562.000000
551.000000
549.000000
525.000000
541.000000
527.000000
36471.000000
557.000000
555.000000
365.000000
544.000000
556.000000
569.000000
36124.000000
507.000000
448.000000
450.000000
466.000000
486.000000
45776.000000
490.000000
518.000000
549.000000
512.000000
548.000000
35481.000000
509.000000
514.000000
567.000000
578.000000
35145.000000
533.000000
561.000000
548.000000
552.000000
553.000000
34848.000000
501.000000
557.000000
566.000000
509.000000
554.000000
553.000000
34519.000000
530.000000
513.000000
551.000000
551.000000
564.000000
34195.000000
550.000000
555.000000
550.000000
623.000000
553.000000
33982.000000
531.000000
539.000000
568.000000
555.000000
549.000000
521.000000
558.000000
555.000000
552.000000
560.000000
33241.000000
510.000000
521.000000
500.000000
552.000000
554.000000
555.000000
32936.000000
508.000000
530.000000
486.000000
494.000000
488.000000
42559.000000
483.000000
456.000000
499.000000
508.000000
556.000000
42300.000000
512.000000
501.000000
515.000000
579.000000
542.000000
31992.000000
556.000000
577.000000
535.000000
585.000000
563.000000
41694.000000
535.000000
524.000000
372.000000
555.000000
556.000000
551.000000
31388.000000
569.000000
552.000000
555.000000
553.000000
31102.000000
520.000000
542.000000
560.000000
557.000000
566.000000
30763.000000
553.000000
561.000000
548.000000
545.000000
572.000000
556.000000
553.000000
526.000000
524.000000
564.000000
541.000000
40119.000000
545.000000
512.000000
555.000000
595.000000
533.000000
530.000000
39778.000000
560.000000
568.000000
573.000000
492.000000
548.000000
39460.000000
511.000000
554.000000
577.000000
501.000000
39092.000000
485.000000
547.000000
556.000000
518.000000
591.000000
38912.000000
573.000000
600.000000
582.000000
581.000000
579.000000
38540.000000
586.000000
600.000000
519.000000
578.000000
578.000000
581.000000
38202.000000
592.000000
588.000000
575.000000
584.000000
569.000000
37895.000000
581.000000
592.000000
584.000000
599.000000
583.000000
37577.000000
593.000000
591.000000
575.000000
580.000000
588.000000
589.000000
589.000000
613.000000
552.000000
634.000000
36895.000000
600.000000
514.000000
584.000000
583.000000
584.000000
36604.000000
637.000000
579.000000
587.000000
585.000000
583.000000
36250.000000
576.000000
590.000000
585.000000
532.000000
526.000000
35964.000000
513.000000
559.000000
515.000000
463.000000
568.000000
543.000000
43517.000000
510.000000
587.000000
522.000000
587.000000
35551.000000
586.000000
589.000000
516.000000
607.000000
573.000000
574.000000
35313.000000
583.000000
570.000000
586.000000
574.000000
575.000000
35061.000000
578.000000
585.000000
571.000000
500.000000
575.000000
34839.000000
578.000000
570.000000
574.000000
478.000000
456.000000
464.000000
529.000000
462.000000
588.000000
34336.000000
563.000000
574.000000
505.000000
567.000000
586.000000
508.000000
33993.000000
603.000000
561.000000
585.000000
582.000000
456.000000
33879.000000
602.000000
583.000000
523.000000
523.000000
525.000000
33561.000000
516.000000
512.000000
514.000000
467.000000
596.000000
33419.000000
459.000000
460.000000
460.000000
575.000000
575.000000
33300.000000
575.000000
575.000000
502.000000
515.000000
501.000000
568.000000
33047.000000
581.000000
578.000000
576.000000
520.000000
32716.000000
522.000000
576.000000
580.000000
577.000000
527.000000
32548.000000
570.000000
572.000000
582.000000
578.000000
519.000000
32294.000000
580.000000
582.000000
581.000000
577.000000
528.000000
32060.000000
570.000000
580.000000
400.000000
571.000000
584.000000
560.000000
31814.000000
507.000000
560.000000
557.000000
552.000000
549.000000
31594.000000
531.000000
541.000000
514.000000
544.000000
451.000000
32041.000000
544.000000
448.000000
492.000000
439.000000
495.000000
31036.000000
440.000000
439.000000
519.000000
518.000000
513.000000
30832.000000
523.000000
481.000000
339.000000
595.000000
515.000000
515.000000
30600.000000
503.000000
566.000000
548.000000
525.000000
515.000000
40404.000000
512.000000
519.000000
548.000000
553.000000
544.000000
40160.000000
554.000000
548.000000
549.000000
509.000000
542.000000
39977.000000
517.000000
517.000000
511.000000
520.000000
547.000000
39742.000000
549.000000
504.000000
511.000000
545.000000
517.000000
518.000000
39514.000000
511.000000
552.000000
574.000000
520.000000
546.000000
39239.000000
553.000000
527.000000
547.000000
560.000000
546.000000
39056.000000
484.000000
541.000000
502.000000
522.000000
565.000000
44402.000000
472.000000
540.000000
488.000000
494.000000
38572.000000
492.000000
507.000000
468.000000
556.000000
579.000000
558.000000
38340.000000
526.000000
511.000000
547.000000
564.000000
548.000000
38115.000000
548.000000
550.000000
558.000000
545.000000
555.000000
37853.000000
561.000000
554.000000
555.000000
533.000000
557.000000
37649.000000
514.000000
548.000000
570.000000
548.000000
511.000000
37411.000000
519.000000
376.000000
527.000000
547.000000
556.000000
554.000000
37187.000000
511.000000
550.000000
550.000000
565.000000
555.000000
36928.000000
548.000000
532.000000
562.000000
521.000000
587.000000
46703.000000
499.000000
562.000000
511.000000
486.000000
463.000000
42993.000000
526.000000
457.000000
503.000000
562.000000
518.000000
36186.000000
616.000000
381.000000
547.000000
518.000000
555.000000
35990.000000
420.000000
522.000000
554.000000
543.000000
524.000000
35785.000000
515.000000
525.000000
510.000000
549.000000
558.000000
35527.000000
540.000000
541.000000
552.000000
548.000000
515.000000
35278.000000
514.000000
546.000000
543.000000
536.000000
508.000000
35097.000000
518.000000
500.000000
483.000000
547.000000
548.000000
521.000000
34840.000000
541.000000
552.000000
545.000000
509.000000
498.000000
34597.000000
609.000000
587.000000
574.000000
561.000000
569.000000
37436.000000
641.000000
547.000000
635.000000
561.000000
548.000000
43468.000000
524.000000
520.000000
602.000000
500.000000
541.000000
34001.000000
562.000000
563.000000
459.000000
594.000000
548.000000
557.000000
33847.000000
622.000000
522.000000
531.000000
469.000000
491.000000
33464.000000
537.000000
614.000000
531.000000
510.000000
33327.000000
579.000000
559.000000
559.000000
533.000000
490.000000
33225.000000
554.000000
519.000000
552.000000
470.000000
516.000000
32970.000000
526.000000
559.000000
429.000000
508.000000
533.000000
522.000000
32728.000000
515.000000
538.000000
590.000000
543.000000
540.000000
32486.000000
594.000000
555.000000
584.000000
547.000000
602.000000
32345.000000
573.000000
576.000000
585.000000
585.000000
623.000000
41883.000000
529.000000
586.000000
578.000000
513.000000
566.000000
31671.000000
559.000000
508.000000
468.000000
572.000000
576.000000
580.000000
31411.000000
585.000000
576.000000
592.000000
574.000000
580.000000
31005.000000
585.000000
586.000000
588.000000
598.000000
30676.000000
560.000000
582.000000
587.000000
561.000000
582.000000
516.000000
40291.000000
515.000000
525.000000
527.000000
513.000000
513.000000
39986.000000
582.000000
494.000000
524.000000
519.000000
523.000000
528.000000
39657.000000
521.000000
574.000000
571.000000
523.000000
39479.000000
506.000000
512.000000
526.000000
522.000000
526.000000
39177.000000
533.000000
520.000000
519.000000
522.000000
523.000000
515.000000
45027.000000
464.000000
593.000000
511.000000
512.000000
38438.000000
509.000000
512.000000
428.000000
514.000000
526.000000
523.000000
48211.000000
528.000000
571.000000
584.000000
572.000000
593.000000
37952.000000
580.000000
582.000000
518.000000
591.000000
593.000000
37680.000000
587.000000
462.000000
587.000000
555.000000
584.000000
37257.000000
568.000000
505.000000
496.000000
567.000000
36958.000000
572.000000
537.000000
567.000000
603.000000
550.000000
554.000000
36813.000000
533.000000
590.000000
563.000000
590.000000
556.000000
36539.000000
554.000000
582.000000
553.000000
577.000000
554.000000
575.000000
43085.000000
567.000000
506.000000
554.000000
582.000000
36026.000000
578.000000
608.000000
605.000000
555.000000
589.000000
45594.000000
459.000000
444.000000
445.000000
554.000000
436.000000
512.000000
35472.000000
539.000000
570.000000
583.000000
547.000000
536.000000
35150.000000
531.000000
532.000000
521.000000
558.000000
586.000000
34941.000000
571.000000
544.000000
599.000000
565.000000
576.000000
34520.000000
562.000000
567.000000
554.000000
543.000000
34174.000000
529.000000
546.000000
437.000000
552.000000
547.000000
549.000000
33832.000000
540.000000
552.000000
541.000000
555.000000
549.000000
33499.000000
564.000000
544.000000
525.000000
572.000000
494.000000
33222.000000
600.000000
593.000000
563.000000
564.000000
527.000000
553.000000
40415.000000
579.000000
581.000000
555.000000
612.000000
32894.000000
539.000000
532.000000
419.000000
533.000000
486.000000
531.000000
32512.000000
532.000000
582.000000
554.000000
561.000000
576.000000
32204.000000
572.000000
518.000000
571.000000
570.000000
558.000000
31924.000000
535.000000
566.000000
544.000000
528.000000
517.000000
31564.000000
525.000000
521.000000
521.000000
524.000000
31293.000000
582.000000
556.000000
445.000000
518.000000
519.000000
515.000000
30950.000000
525.000000
518.000000
520.000000
518.000000
607.000000
30549.000000
587.000000
519.000000
516.000000
627.000000
553.000000
536.000000
50270.000000
561.000000
553.000000
532.000000
552.000000
39962.000000
476.000000
561.000000
553.000000
552.000000
563.000000
39574.000000
541.000000
439.000000
521.000000
503.000000
551.000000
502.000000
526.000000
44627.000000
525.000000
522.000000
521.000000
598.000000
38906.000000
561.000000
551.000000
519.000000
565.000000
582.000000
38603.000000
557.000000
560.000000
572.000000
530.000000
531.000000
38265.000000
552.000000
540.000000
534.000000
547.000000
542.000000
38051.000000
593.000000
463.000000
548.000000
481.000000
561.000000
531.000000
37712.000000
525.000000
552.000000
559.000000
561.000000
563.000000
37392.000000
562.000000
564.000000
562.000000
561.000000
576.000000
37970.000000
569.000000
631.000000
527.000000
548.000000
36870.000000
556.000000
553.000000
563.000000
560.000000
581.000000
36556.000000
576.000000
491.000000
560.000000
613.000000
511.000000
517.000000
568.000000
44560.000000
509.000000
510.000000
519.000000
514.000000
35949.000000
546.000000
557.000000
565.000000
565.000000
563.000000
35564.000000
561.000000
567.000000
574.000000
570.000000
544.000000
35226.000000
522.000000
555.000000
599.000000
484.000000
566.000000
34978.000000
671.000000
470.000000
569.000000
566.000000
547.000000
574.000000
34565.000000
535.000000
576.000000
577.000000
574.000000
600.000000
34047.000000
552.000000
552.000000
549.000000
571.000000
566.000000
35450.000000
549.000000
555.000000
550.000000
533.000000
33600.000000
538.000000
553.000000
564.000000
553.000000
551.000000
33282.000000
508.000000
523.000000
346.000000
550.000000
561.000000
537.000000
32913.000000
513.000000
546.000000
468.000000
544.000000
545.000000
32725.000000
483.000000
539.000000
566.000000
568.000000
548.000000
32475.000000
481.000000
587.000000
574.000000
563.000000
550.000000
32060.000000
585.000000
573.000000
582.000000
561.000000
575.000000
31861.000000
567.000000
449.000000
589.000000
559.000000
583.000000
567.000000
31461.000000
573.000000
561.000000
572.000000
551.000000
31193.000000
487.000000
553.000000
552.000000
551.000000
559.000000
570.000000
33552.000000
625.000000
583.000000
610.000000
566.000000
598.000000
35836.000000
574.000000
567.000000
541.000000
532.000000
562.000000
40125.000000
550.000000
568.000000
572.000000
597.000000
518.000000
39869.000000
569.000000
589.000000
497.000000
516.000000
514.000000
566.000000
42631.000000
570.000000
513.000000
557.000000
571.000000
39316.000000
559.000000
604.000000
512.000000
663.000000
557.000000
39043.000000
516.000000
560.000000
558.000000
561.000000
555.000000
38662.000000
504.000000
437.000000
579.000000
560.000000
510.000000
532.000000
38297.000000
580.000000
570.000000
586.000000
605.000000
548.000000
38180.000000
566.000000
589.000000
562.000000
567.000000
558.000000
40729.000000
579.000000
568.000000
549.000000
599.000000
558.000000
37735.000000
559.000000
565.000000
555.000000
553.000000
37154.000000
556.000000
498.000000
566.000000
596.000000
524.000000
580.000000
36859.000000
594.000000
565.000000
524.000000
519.000000
578.000000
511.000000
46573.000000
448.000000
518.000000
511.000000
512.000000
36185.000000
524.000000
557.000000
552.000000
574.000000
519.000000
35907.000000
547.000000
567.000000
572.000000
545.000000
554.000000
35483.000000
451.000000
527.000000
491.000000
504.000000
564.000000
523.000000
35230.000000
580.000000
604.000000
575.000000
563.000000
554.000000
34960.000000
586.000000
589.000000
600.000000
515.000000
579.000000
35255.000000
595.000000
582.000000
567.000000
570.000000
34278.000000
552.000000
563.000000
566.000000
546.000000
611.000000
33939.000000
525.000000
491.000000
545.000000
568.000000
555.000000
570.000000
33790.000000
522.000000
550.000000
568.000000
525.000000
553.000000
33392.000000
523.000000
539.000000
441.000000
436.000000
484.000000
33108.000000
521.000000
502.000000
514.000000
508.000000
490.000000
32784.000000
559.000000
600.000000
509.000000
533.000000
525.000000
32459.000000
449.000000
552.000000
559.000000
554.000000
542.000000
357.000000
32080.000000
453.000000
552.000000
605.000000
572.000000
521.000000
31746.000000
581.000000
574.000000
573.000000
516.000000
607.000000
31516.000000
557.000000
593.000000
476.000000
530.000000
31236.000000
509.000000
571.000000
569.000000
598.000000
558.000000
30830.000000
580.000000
487.000000
557.000000
608.000000
576.000000
547.000000
30494.000000
569.000000
601.000000
573.000000
548.000000
557.000000
556.000000
40157.000000
550.000000
581.000000
462.000000
491.000000
40002.000000
490.000000
519.000000
508.000000
560.000000
577.000000
39650.000000
542.000000
549.000000
557.000000
537.000000
570.000000
39341.000000
506.000000
548.000000
554.000000
536.000000
560.000000
568.000000
39007.000000
507.000000
552.000000
558.000000
555.000000
597.000000
38618.000000
577.000000
584.000000
588.000000
571.000000
523.000000
38492.000000
581.000000
560.000000
570.000000
579.000000
552.000000
38119.000000
531.000000
599.000000
572.000000
596.000000
581.000000
37789.000000
491.000000
516.000000
575.000000
578.000000
603.000000
526.000000
37405.000000
540.000000
554.000000
552.000000
516.000000
37142.000000
572.000000
566.000000
527.000000
535.000000
519.000000
38673.000000
521.000000
549.000000
572.000000
552.000000
566.000000
36563.000000
601.000000
568.000000
602.000000
610.000000
590.000000
36173.000000
374.000000
545.000000
581.000000
589.000000
526.000000
553.000000
35863.000000
536.000000
552.000000
569.000000
495.000000
487.000000
35813.000000
533.000000
481.000000
510.000000
579.000000
612.000000
35381.000000
557.000000
572.000000
571.000000
546.000000
547.000000
35048.000000
550.000000
548.000000
599.000000
465.000000
559.000000
34844.000000
514.000000
536.000000
541.000000
551.000000
552.000000
559.000000
34511.000000
559.000000
589.000000
548.000000
552.000000
548.000000
34179.000000
577.000000
604.000000
588.000000
554.000000
33853.000000
588.000000
628.000000
547.000000
596.000000
551.000000
33443.000000
476.000000
505.000000
497.000000
535.000000
562.000000
33385.000000
506.000000
411.000000
511.000000
511.000000
516.000000
533.000000
33167.000000
518.000000
562.000000
559.000000
539.000000
580.000000
32814.000000
543.000000
546.000000
548.000000
564.000000
548.000000
32550.000000
550.000000
591.000000
559.000000
546.000000
556.000000
32194.000000
552.000000
570.000000
557.000000
546.000000
556.000000
31893.000000
500.000000
593.000000
535.000000
548.000000
582.000000
559.000000
31521.000000
554.000000
513.000000
509.000000
589.000000
482.000000
31174.000000
460.000000
525.000000
529.000000
381.000000
506.000000
30979.000000
550.000000
645.000000
517.000000
520.000000
30804.000000
408.000000
480.000000
534.000000
522.000000
550.000000
30569.000000
497.000000
485.000000
564.000000
572.000000
567.000000
557.000000
540.000000
40399.000000
565.000000
534.000000
607.000000
582.000000
633.000000
40331.000000
544.000000
590.000000
566.000000
552.000000
39856.000000
597.000000
581.000000
534.000000
528.000000
583.000000
39484.000000
559.000000
612.000000
554.000000
569.000000
546.000000
39164.000000
466.000000
467.000000
548.000000
549.000000
589.000000
554.000000
38849.000000
574.000000
546.000000
564.000000
544.000000
549.000000
38456.000000
543.000000
575.000000
552.000000
564.000000
567.000000
38197.000000
528.000000
460.000000
564.000000
523.000000
516.000000
37838.000000
490.000000
550.000000
490.000000
466.000000
536.000000
383.000000
37400.000000
567.000000
555.000000
557.000000
567.000000
606.000000
37195.000000
542.000000
554.000000
556.000000
548.000000
553.000000
36871.000000
550.000000
531.000000
575.000000
539.000000
36627.000000
563.000000
577.000000
543.000000
528.000000
537.000000
36289.000000
513.000000
526.000000
516.000000
549.000000
545.000000
36044.000000
379.000000
533.000000
548.000000
568.000000
579.000000
529.000000
35831.000000
579.000000
593.000000
587.000000
569.000000
606.000000
35594.000000
572.000000
567.000000
568.000000
560.000000
612.000000
35368.000000
599.000000
538.000000
528.000000
533.000000
581.000000
41976.000000
547.000000
481.000000
474.000000
462.000000
558.000000
34893.000000
361.000000
525.000000
573.000000
542.000000
567.000000
525.000000
34624.000000
534.000000
572.000000
537.000000
575.000000
535.000000
34393.000000
533.000000
584.000000
545.000000
528.000000
34146.000000
440.000000
592.000000
581.000000
558.000000
580.000000
33981.000000
520.000000
532.000000
557.000000
521.000000
547.000000
33701.000000
591.000000
439.000000
569.000000
569.000000
590.000000
557.000000
33451.000000
571.000000
558.000000
556.000000
560.000000
593.000000
33228.000000
540.000000
549.000000
557.000000
546.000000
542.000000
32979.000000
507.000000
507.000000
551.000000
561.000000
558.000000
32702.000000
502.000000
520.000000
536.000000
576.000000
499.000000
32443.000000
335.000000
540.000000
605.000000
542.000000
545.000000
534.000000
32149.000000
582.000000
550.000000
537.000000
570.000000
550.000000
31968.000000
649.000000
540.000000
561.000000
576.000000
31807.000000
514.000000
581.000000
587.000000
568.000000
577.000000
31483.000000
572.000000
568.000000
574.000000
578.000000
576.000000
31231.000000
581.000000
488.000000
566.000000
623.000000
583.000000
576.000000
30967.000000
581.000000
580.000000
571.000000
538.000000
584.000000
30816.000000
578.000000
580.000000
590.000000
577.000000
525.000000
520.000000
562.000000
571.000000
557.000000
600.000000
40243.000000
560.000000
580.000000
574.000000
583.000000
598.000000
460.000000
522.000000
46983.000000
507.000000
543.000000
580.000000
574.000000
567.000000
49774.000000
570.000000
575.000000
568.000000
577.000000
39484.000000
581.000000
567.000000
559.000000
574.000000
567.000000
49244.000000
568.000000
583.000000
584.000000
588.000000
589.000000
38970.000000
551.000000
564.000000
555.000000
611.000000
586.000000
474.000000
38868.000000
537.000000
601.000000
541.000000
546.000000
571.000000
38601.000000
539.000000
563.000000
518.000000
564.000000
38393.000000
491.000000
561.000000
556.000000
550.000000
564.000000
609.000000
611.000000
567.000000
514.000000
563.000000
37953.000000
556.000000
561.000000
529.000000
564.000000
551.000000
487.000000
39350.000000
526.000000
460.000000
500.000000
519.000000
507.000000
37454.000000
562.000000
550.000000
524.000000
568.000000
547.000000
37286.000000
551.000000
544.000000
549.000000
535.000000
569.000000
37031.000000
648.000000
570.000000
519.000000
588.000000
528.000000
36754.000000
571.000000
563.000000
573.000000
563.000000
36482.000000
468.000000
533.000000
553.000000
607.000000
566.000000
557.000000
36282.000000
520.000000
562.000000
534.000000
548.000000
566.000000
36026.000000
571.000000
607.000000
559.000000
521.000000
562.000000
592.000000
550.000000
530.000000
615.000000
552.000000
35574.000000
557.000000
513.000000
583.000000
546.000000
552.000000
461.000000
35238.000000
548.000000
564.000000
493.000000
495.000000
502.000000
45033.000000
524.000000
520.000000
561.000000
568.000000
604.000000
34840.000000
551.000000
589.000000
563.000000
545.000000
611.000000
35574.000000
581.000000
551.000000
553.000000
569.000000
34397.000000
591.000000
557.000000
553.000000
532.000000
539.000000
34141.000000
471.000000
521.000000
564.000000
533.000000
571.000000
550.000000
33880.000000
516.000000
534.000000
601.000000
572.000000
556.000000
33640.000000
540.000000
550.000000
574.000000
537.000000
575.000000
556.000000
584.000000
549.000000
556.000000
587.000000
33098.000000
539.000000
573.000000
544.000000
555.000000
607.000000
475.000000
32880.000000
554.000000
551.000000
533.000000
518.000000
500.000000
42567.000000
567.000000
526.000000
514.000000
540.000000
517.000000
32321.000000
546.000000
521.000000
536.000000
537.000000
32062.000000
539.000000
570.000000
552.000000
498.000000
574.000000
31815.000000
545.000000
594.000000
558.000000
555.000000
548.000000
31611.000000
484.000000
558.000000
550.000000
572.000000
551.000000
564.000000
31375.000000
553.000000
568.000000
559.000000
557.000000
536.000000
31103.000000
571.000000
561.000000
607.000000
557.000000
576.000000
565.000000
601.000000
571.000000
600.000000
520.000000
30742.000000
549.000000
541.000000
558.000000
603.000000
553.000000
483.000000
40517.000000
539.000000
553.000000
565.000000
571.000000
610.000000
601.000000
47500.000000
530.000000
510.000000
533.000000
542.000000
39926.000000
487.000000
516.000000
573.000000
588.000000
515.000000
39774.000000
531.000000
556.000000
527.000000
574.000000
581.000000
39551.000000
598.000000
579.000000
599.000000
582.000000
503.000000
574.000000
39297.000000
585.000000
598.000000
570.000000
560.000000
551.000000
38962.000000
592.000000
546.000000
614.000000
548.000000
38736.000000
516.000000
559.000000
552.000000
615.000000
585.000000
569.000000
555.000000
583.000000
583.000000
631.000000
38350.000000
582.000000
580.000000
608.000000
591.000000
575.000000
493.000000
38092.000000
580.000000
555.000000
571.000000
581.000000
578.000000
37838.000000
552.000000
531.000000
526.000000
498.000000
496.000000
37453.000000
539.000000
603.000000
591.000000
560.000000
560.000000
47244.000000
529.000000
593.000000
560.000000
601.000000
37043.000000
572.000000
594.000000
572.000000
594.000000
576.000000
500.000000
36784.000000
590.000000
572.000000
598.000000
550.000000
540.000000
36593.000000
572.000000
584.000000
573.000000
585.000000
585.000000
36335.000000
586.000000
576.000000
579.000000
638.000000
520.000000
520.000000
521.000000
584.000000
607.000000
594.000000
35831.000000
576.000000
578.000000
578.000000
574.000000
500.000000
587.000000
35550.000000
576.000000
595.000000
595.000000
587.000000
568.000000
35327.000000
566.000000
571.000000
532.000000
506.000000
34899.000000
465.000000
508.000000
501.000000
492.000000
557.000000
574.000000
44807.000000
580.000000
577.000000
583.000000
588.000000
34661.000000
519.000000
525.000000
587.000000
513.000000
579.000000
520.000000
34288.000000
530.000000
576.000000
575.000000
578.000000
575.000000
34090.000000
587.000000
578.000000
578.000000
572.000000
576.000000
33840.000000
578.000000
580.000000
574.000000
576.000000
614.000000
568.000000
571.000000
579.000000
570.000000
510.000000
33346.000000
610.000000
560.000000
559.000000
608.000000
507.000000
564.000000
32996.000000
560.000000
555.000000
584.000000
606.000000
32850.000000
571.000000
561.000000
583.000000
565.000000
503.000000
33340.000000
523.000000
516.000000
564.000000
543.000000
503.000000
32366.000000
571.000000
570.000000
464.000000
544.000000
547.000000
32157.000000
546.000000
547.000000
550.000000
556.000000
550.000000
496.000000
31894.000000
557.000000
552.000000
561.000000
545.000000
557.000000
31676.000000
569.000000
542.000000
533.000000
573.000000
538.000000
31437.000000
548.000000
570.000000
537.000000
553.000000
570.000000
539.000000
559.000000
565.000000
575.000000
536.000000
30937.000000
523.000000
586.000000
551.000000
576.000000
487.000000
531.000000
30694.000000
541.000000
551.000000
570.000000
537.000000
517.000000
40479.000000
537.000000
577.000000
536.000000
571.000000
536.000000
40201.000000
551.000000
547.000000
512.000000
512.000000
571.000000
39994.000000
515.000000
528.000000
562.000000
559.000000
556.000000
39767.000000
557.000000
560.000000
555.000000
553.000000
502.000000
552.000000
39476.000000
508.000000
545.000000
555.000000
547.000000
559.000000
39211.000000
548.000000
552.000000
558.000000
556.000000
38982.000000
621.000000
554.000000
549.000000
576.000000
534.000000
575.000000
574.000000
529.000000
557.000000
561.000000
38626.000000
526.000000
524.000000
529.000000
519.000000
496.000000
566.000000
38339.000000
577.000000
438.000000
562.000000
614.000000
549.000000
38129.000000
556.000000
616.000000
563.000000
569.000000
579.000000
37824.000000
569.000000
570.000000
519.000000
514.000000
544.000000
45213.000000
508.000000
506.000000
510.000000
513.000000
559.000000
37191.000000
521.000000
620.000000
570.000000
581.000000
495.000000
567.000000
36750.000000
580.000000
581.000000
566.000000
571.000000
36492.000000
563.000000
577.000000
577.000000
579.000000
591.000000
36152.000000
574.000000
573.000000
574.000000
567.000000
602.000000
558.000000
575.000000
578.000000
586.000000
537.000000
35464.000000
541.000000
529.000000
529.000000
546.000000
498.000000
550.000000
35209.000000
539.000000
554.000000
575.000000
548.000000
550.000000
34846.000000
555.000000
542.000000
558.000000
543.000000
613.000000
34467.000000
588.000000
545.000000
621.000000
473.000000
583.000000
34102.000000
561.000000
496.000000
517.000000
556.000000
477.000000
33786.000000
552.000000
577.000000
578.000000
591.000000
503.000000
33512.000000
441.000000
592.000000
586.000000
571.000000
624.000000
33251.000000
580.000000
559.000000
519.000000
556.000000
577.000000
32916.000000
567.000000
582.000000
525.000000
482.000000
569.000000
568.000000
578.000000
583.000000
562.000000
567.000000
32198.000000
575.000000
564.000000
567.000000
565.000000
458.000000
565.000000
31897.000000
574.000000
561.000000
568.000000
557.000000
537.000000
31498.000000
608.000000
571.000000
594.000000
570.000000
554.000000
31154.000000
576.000000
576.000000
586.000000
542.000000
636.000000
30817.000000
521.000000
573.000000
524.000000
516.000000
30430.000000
520.000000
542.000000
553.000000
562.000000
569.000000
485.000000
590.000000
40178.000000
546.000000
610.000000
533.000000
580.000000
540.000000
39793.000000
557.000000
638.000000
560.000000
563.000000
548.000000
39468.000000
568.000000
582.000000
564.000000
587.000000
531.000000
521.000000
505.000000
530.000000
589.000000
38761.000000
567.000000
519.000000
590.000000
569.000000
510.000000
565.000000
38406.000000
579.000000
575.000000
568.000000
612.000000
567.000000
38159.000000
561.000000
557.000000
615.000000
587.000000
581.000000
37792.000000
599.000000
573.000000
590.000000
627.000000
607.000000
47439.000000
589.000000
561.000000
616.000000
526.000000
523.000000
37453.000000
518.000000
520.000000
517.000000
604.000000
473.000000
586.000000
36777.000000
593.000000
585.000000
594.000000
582.000000
550.000000
36481.000000
581.000000
559.000000
563.000000
555.000000
36285.000000
565.000000
597.000000
575.000000
583.000000
596.000000
571.000000
526.000000
555.000000
536.000000
605.000000
35734.000000
579.000000
633.000000
578.000000
626.000000
428.000000
618.000000
35536.000000
593.000000
593.000000
570.000000
567.000000
588.000000
35219.000000
602.000000
590.000000
583.000000
623.000000
593.000000
35029.000000
586.000000
587.000000
601.000000
541.000000
618.000000
44698.000000
575.000000
597.000000
596.000000
571.000000
580.000000
34880.000000
520.000000
544.000000
585.000000
590.000000
473.000000
602.000000
44090.000000
616.000000
616.000000
606.000000
646.000000
33686.000000
605.000000
610.000000
615.000000
606.000000
647.000000
33366.000000
612.000000
542.000000
660.000000
619.000000
652.000000
594.000000
597.000000
594.000000
518.000000
625.000000
32612.000000
595.000000
592.000000
514.000000
656.000000
516.000000
585.000000
32209.000000
558.000000
522.000000
559.000000
561.000000
567.000000
31917.000000
566.000000
561.000000
569.000000
561.000000
579.000000
31505.000000
597.000000
570.000000
563.000000
518.000000
543.000000
41262.000000
564.000000
587.000000
563.000000
576.000000
601.000000
31026.000000
583.000000
593.000000
516.000000
521.000000
428.000000
30586.000000
528.000000
567.000000
567.000000
559.000000
569.000000
568.000000
40270.000000
505.000000
554.000000
606.000000
564.000000
564.000000
39885.000000
583.000000
575.000000
586.000000
510.000000
479.000000
39509.000000
600.000000
557.000000
517.000000
582.000000
588.000000
39236.000000
570.000000
571.000000
582.000000
603.000000
39174.000000
588.000000
601.000000
603.000000
598.000000
607.000000
38933.000000
602.000000
595.000000
585.000000
583.000000
578.000000
38616.000000
620.000000
602.000000
593.000000
584.000000
607.000000
611.000000
46824.000000
595.000000
591.000000
571.000000
582.000000
38189.000000
591.000000
505.000000
526.000000
525.000000
496.000000
47799.000000
525.000000
530.000000
581.000000
642.000000
610.000000
37601.000000
580.000000
621.000000
613.000000
624.000000
599.000000
593.000000
612.000000
