sniffex - Sniffer example using libpcap
Copyright (c) 2005 The Tcpdump Group
THERE IS ABSOLUTELY NO WARRANTY FOR THIS PROGRAM.

Device: eth0
Number of packets: 5000
Filter expression: tcp
Source address is 10.42.43.1 and Destination address is 10.42.43.11
Array was filled up before the packet count ran out.      539517827       539405467
      539519275       539408363
      539520723       539411259
      539522171       539475835
      539523619       539478731
      539525067       539481627
      539526515       539484523
      539526923       539487419
      539528371       539490315
      539529819       539493211
      539531267       539496107
      539532715       539499003
      539534163       539501899
      539535611       539552987
      539537059       539555883
      539538507       539558779
      539539955       539561675
      539541403       539564571
      539542851       539567467
      539544299       539570363
      539545747       539573259
      539547195       539576155
      539548643       539579051
      539550091       539619019
      539551539       539624811
      539552987       539627707
      539554435       539630603
      539555883       539633499
      539557331       539636395
      539558779       539639291
      539560227       539642187
      539561675       539645083
      539563123       539647979
      539564571       539650227
      539566019       539663259
      539567467       539666155
      539568915       539669051
      539570363       539671947
      539571811       539674843
      539573259       539677739
      539574707       539680635
      539576155       539683531
      539577603       539686427
      539579051       539689323
      539580499       539699027
      539581947       539701923
      539583395       539704819
      539584267       539707715
      539585715       539710611
      539587163       539713507
      539588611       539716403
      539590059       539719299
      539591507       539722195
      539592955       539725091
      539594403       539736315
      539595851       539739211
      539597299       539742107
      539598747       539745003
      539600195       539747899
      539601643       539750795
      539603091       539753691
      539604539       539756587
      539605987       539759483
      539607435       539762379
      539608883       539769259
      539610331       539772155
      539611779       539775051
      539613227       539777947
      539614675       539780843
      539616123       539783739
      539617571       539786635
      539619019       539789531
      539620467       539792427
      539621915       539794187
      539623363       539844867
      539624811       539847763
      539626259       539850659
      539627707       539853555
      539629155       539856451
      539630603       539859347
      539632051       539862243
      539633499       539865139
      539634947       539868035
      539636395       539870931
      539637843       539887267
      539639291       539890163
      539640739       539893059
      539642187       539895955
      539643635       539898851
      539645083       539901747
      539646531       539904643
      539647979       539907539
      539648779       539910435
      539650227       539913331
      539651675       539931723
      539653123       539934619
      539654571       539937515
      539656019       539940411
      539657467       539943307
      539658915       539946203
      539660363       539949099
      539661811       539951995
      539663259       539954891
      539664707       539957787
      539666155       539968163
      539667603       539971059
      539669051       539973955
      539670499       539976851
      539671947       539979747
      539673395       539982643
      539674843       539985539
      539676291       539988435
      539677739       539991331
      539679187       539994227
      539680635       540004603
      539682083       540007499
      539683531       540010395
      539684979       540013291
      539686427       540016187
      539687875       540019083
      539689323       540021979
      539690771       540024875
      539691787       540027771
      539693235       540029707
      539694683       540086179
      539696131       540089075
      539697579       540091971
      539699027       540094867
      539700475       540097763
      539701923       540100659
      539703371       540103555
      539704819       540106451
      539706267       540109347
      539707715       540112243
      539709163       540129179
      539710611       540132075
      539712059       540134971
      539713507       540137867
      539714955       540140763
      539716403       540143659
      539717851       540146555
      539719299       540149451
      539720747       540152347
      539722195       540155243
      539723643       540167419
      539725091       540170315
      539726539       540173211
      539727627       540176107
      539729075       540179003
      539730523       540181899
      539731971       540184795
      539733419       540187691
      539734867       540190587
      539736315       540193483
      539737763       540194995
      539739211       540197891
      539740659       540200787
      539742107       540203683
      539743555       540206579
      539745003       540209475
      539746451       540212371
      539747899       540215267
      539749347       540218163
      539750795       540221059
      539752243       540223955
      539753691       540232107
      539755139       540235003
      539756587       540237899
      539758035       540240795
      539759483       540243691
      539760931       540246587
      539762379       540249483
      539763467       540252379
      539764915       540255275
      539766363       540258171
      539767811       540307891
      539769259       540310787
      539770707       540313683
      539772155       540316579
      539773603       540319475
      539775051       540322371
      539776499       540325267
      539777947       540328163
      539779395       540331059
      539780843       540333955
      539782291       540360851
      539783739       540363747
      539785187       540366643
      539786635       540369539
      539788083       540372435
      539789531       540375331
      539790979       540378227
      539792427       540381123
      539793875       540384019
      539794187       540386915
      539795635       540394499
      539797083       540397395
      539798531       540400291
      539799979       540403187
      539801427       540406083
      539802875       540408979
      539804323       540411875
      539805771       540414771
      539807219       540417667
      539808667       540420563
      539810115       540434683
      539811563       540437579
      539813011       540440475
      539814459       540443371
      539815907       540446267
      539817355       540449163
      539818803       540452059
      539820251       540454955
      539821699       540457851
      539823147       540460747
      539824595       540462259
      539826043       540468051
      539827491       540470947
      539828939       540473843
      539830387       540476739
      539831835       540479635
      539833283       540482531
      539834731       540485427
      539836179       540488323
      539837627       540491219
      539839075       540493579
      539840523       540529779
      539841971       540532675
      539843419       540535571
      539844867       540538467
      539846315       540541363
      539847763       540544259
      539849211       540547155
      539850659       540550051
      539852107       540552947
      539853555       540555843
      539855003       540573595
      539856451       540596763
      539857899       540599659
      539859347       540602555
      539860795       540605451
      539862243       540608347
      539863691       540611243
      539865139       540612787
      539866587       540615683
      539868035       540618579
      539869483       540621475
      539870931       540624371
      539872379       540627267
      539873827       540630163
      539875275       540633059
      539876723       540635955
      539877131       540638851
      539878579       540641747
      539880027       540644643
      539881475       540646579
      539882923       540655267
      539884371       540658163
      539885819       540661059
      539887267       540663955
      539888715       540666851
      539890163       540669747
      539891611       540672643
      539893059       540675539
      539894507       540678435
      539895955       540679947
      539897403       540682843
      539898851       540688635
      539900299       540691531
      539901747       540694427
      539903195       540697323
      539904643       540700219
      539906091       540703115
      539907539       540706011
      539908987       540708907
      539910435       540711803
      539911883       540713739
      539913331       540761523
      539914779       540764419
      539916227       540767315
      539917675       540770211
      539919123       540773107
      539920139       540776003
      539921587       540778899
      539923035       540781795
      539924483       540784691
      539925931       540787587
      539927379       540812859
      539928827       540815755
      539930275       540818651
      539931723       540821547
      539933171       540824443
      539934619       540827339
      539936067       540830235
      539937515       540833131
      539938963       540836027
      539940411       540838923
      539941859       540845483
      539943307       540848379
      539944755       540851275
      539946203       540854171
      539947651       540857067
      539949099       540859963
      539950547       540862859
      539951995       540865755
      539953443       540868651
      539954891       540871547
      539956339       540875355
      539957787       540878251
      539958027       540881147
      539959475       540884043
      539960923       540886939
      539962371       540889835
      539963819       540892731
      539965267       540895627
      539966715       540898523
      539968163       540901419
      539969611       540909571
      539971059               0
      539972507               0
      539973955               0
      539975403               0
      539976851               0
      539978299               0
      539979747               0
      539981195               0
      539982643               0
      539984091               0
      539985539               0
      539986987               0
      539988435               0
      539989883               0
      539991331               0
      539992779               0
      539994227               0
      539995675               0
      539995915               0
      539997363               0
      539998811               0
      540000259               0
      540001707               0
      540003155               0
      540004603               0
      540006051               0
      540007499               0
      540008947               0
      540010395               0
      540011843               0
      540013291               0
      540014739               0
      540016187               0
      540017635               0
      540019083               0
      540020531               0
      540021979               0
      540023427               0
      540024875               0
      540026323               0
      540027771               0
      540029219               0
      540029707               0
      540031155               0
      540032603               0
      540034051               0
      540035499               0
      540036947               0
      540038395               0
      540039843               0
      540041291               0
      540042739               0
      540044187               0
      540045635               0
      540047083               0
      540048531               0
      540049979               0
      540051427               0
      540052875               0
      540054323               0
      540055771               0
      540057219               0
      540058667               0
      540060115               0
      540061563               0
      540063011               0
      540064459               0
      540065907               0
      540067355               0
      540068803               0
      540070251               0
      540071699               0
      540073147               0
      540074595               0
      540076043               0
      540077491               0
      540078939               0
      540080387               0
      540081835               0
      540083283               0
      540084731               0
      540086179               0
      540087627               0
      540089075               0
      540090523               0
      540091971               0
      540093419               0
      540094867               0
      540096315               0
      540097763               0
      540099211               0
      540100659               0
      540102107               0
      540103555               0
      540105003               0
      540106451               0
      540107899               0
      540109347               0
      540110795               0
      540112243               0
      540113691               0
      540114699               0
      540116147               0
      540117595               0
      540119043               0
      540120491               0
      540121939               0
      540123387               0
      540124835               0
      540126283               0
      540127731               0
      540129179               0
      540130627               0
      540132075               0
      540133523               0
      540134971               0
      540136419               0
      540137867               0
      540139315               0
      540140763               0
      540142211               0
      540143659               0
      540145107               0
      540146555               0
      540148003               0
      540149451               0
      540150899               0
      540152347               0
      540153795               0
      540155243               0
      540156691               0
      540158139               0
      540158731               0
      540160179               0
      540161627               0
      540163075               0
      540164523               0
      540165971               0
      540167419               0
      540168867               0
      540170315               0
      540171763               0
      540173211               0
      540174659               0
      540176107               0
      540177555               0
      540179003               0
      540180451               0
      540181899               0
      540183347               0
      540184795               0
      540186243               0
      540187691               0
      540189139               0
      540190587               0
      540192035               0
      540193483               0
      540193547               0
      540194995               0
      540196443               0
      540197891               0
      540199339               0
      540200787               0
      540202235               0
      540203683               0
      540205131               0
      540206579               0
      540208027               0
      540209475               0
      540210923               0
      540212371               0
      540213819               0
      540215267               0
      540216715               0
      540218163               0
      540219611               0
      540221059               0
      540222507               0
      540223955               0
      540225403               0
      540226315               0
      540227763               0
      540229211               0
      540230659               0
      540232107               0
      540233555               0
      540235003               0
      540236451               0
      540237899               0
      540239347               0
      540240795               0
      540242243               0
      540243691               0
      540245139               0
      540246587               0
      540248035               0
      540249483               0
      540250931               0
      540252379               0
      540253827               0
      540255275               0
      540256723               0
      540258171               0
      540259619               0
      540260107               0
      540261555               0
      540263003               0
      540264451               0
      540265899               0
      540267347               0
      540268795               0
      540270243               0
      540271691               0
      540273139               0
      540274587               0
      540276035               0
      540277483               0
      540278931               0
      540280379               0
      540281827               0
      540283275               0
      540284723               0
      540286171               0
      540287619               0
      540289067               0
      540290515               0
      540291963               0
      540293411               0
      540294859               0
      540296307               0
      540297755               0
      540299203               0
      540300651               0
      540302099               0
      540303547               0
      540304995               0
      540306443               0
      540307891               0
      540309339               0
      540310787               0
      540312235               0
      540313683               0
      540315131               0
      540316579               0
      540318027               0
      540319475               0
      540320923               0
      540322371               0
      540323819               0
      540325267               0
      540326715               0
      540328163               0
      540329611               0
      540331059               0
      540332507               0
      540333955               0
      540335403               0
      540336851               0
      540338299               0
      540339747               0
      540341195               0
      540342027               0
      540343475               0
      540344923               0
      540346371               0
      540347819               0
      540349267               0
      540350715               0
      540352163               0
      540353611               0
      540355059               0
      540356507               0
      540357955               0
      540359403               0
      540360851               0
      540362299               0
      540363747               0
      540365195               0
      540366643               0
      540368091               0
      540369539               0
      540370987               0
      540372435               0
      540373883               0
      540375331               0
      540376779               0
      540378227               0
      540379675               0
      540381123               0
      540382571               0
      540384019               0
      540385467               0
      540386915               0
      540388363               0
      540389811               0
      540390155               0
      540391603               0
      540393051               0
      540394499               0
      540395947               0
      540397395               0
      540398843               0
      540400291               0
      540401739               0
      540403187               0
      540404635               0
      540406083               0
      540407531               0
      540408979               0
      540410427               0
      540411875               0
      540413323               0
      540414771               0
      540416219               0
      540417667               0
      540419115               0
      540420563               0
      540422011               0
      540423459               0
      540424907               0
      540425995               0
      540427443               0
      540428891               0
      540430339               0
      540431787               0
      540433235               0
      540434683               0
      540436131               0
      540437579               0
      540439027               0
      540440475               0
      540441923               0
      540443371               0
      540444819               0
      540446267               0
      540447715               0
      540449163               0
      540450611               0
      540452059               0
      540453507               0
      540454955               0
      540456403               0
      540457851               0
      540459299               0
      540460747               0
      540460811               0
      540462259               0
      540463707               0
      540465155               0
      540466603               0
      540468051               0
      540469499               0
      540470947               0
      540472395               0
      540473843               0
      540475291               0
      540476739               0
      540478187               0
      540479635               0
      540481083               0
      540482531               0
      540483979               0
      540485427               0
      540486875               0
      540488323               0
      540489771               0
      540491219               0
      540492667               0
      540493579               0
      540495027               0
      540496475               0
      540497923               0
      540499371               0
      540500819               0
      540502267               0
      540503715               0
      540505163               0
      540506611               0
      540508059               0
      540509507               0
      540510955               0
      540512403               0
      540513851               0
      540515299               0
      540516747               0
      540518195               0
      540519643               0
      540521091               0
      540522539               0
      540523987               0
      540525435               0
      540526883               0
      540528331               0
      540529779               0
      540531227               0
      540532675               0
      540534123               0
      540535571               0
      540537019               0
      540538467               0
      540539915               0
      540541363               0
      540542811               0
      540544259               0
      540545707               0
      540547155               0
      540548603               0
      540550051               0
      540551499               0
      540552947               0
      540554395               0
      540555843               0
      540557291               0
      540558739               0
      540559115               0
      540560563               0
      540562011               0
      540563459               0
      540564907               0
      540566355               0
      540567803               0
      540569251               0
      540570699               0
      540572147               0
      540573595               0
      540575043               0
      540576491               0
      540577939               0
      540579387               0
      540580835               0
      540582283               0
      540583731               0
      540585179               0
      540586627               0
      540588075               0
      540589523               0
      540590971               0
      540592419               0
      540593867               0
      540595315               0
      540596763               0
      540598211               0
      540599659               0
      540601107               0
      540602555               0
      540604003               0
      540605451               0
      540606899               0
      540608347               0
      540609795               0
      540611243               0
      540611339               0
      540612787               0
      540614235               0
      540615683               0
      540617131               0
      540618579               0
      540620027               0
      540621475               0
      540622923               0
      540624371               0
      540625819               0
      540627267               0
      540628715               0
      540630163               0
      540631611               0
      540633059               0
      540634507               0
      540635955               0
      540637403               0
      540638851               0
      540640299               0
      540641747               0
      540643195               0
      540644643               0
      540645131               0
      540646579               0
      540648027               0
      540649475               0
      540650923               0
      540652371               0
      540653819               0
      540655267               0
      540656715               0
      540658163               0
      540659611               0
      540661059               0
      540662507               0
      540663955               0
      540665403               0
      540666851               0
      540668299               0
      540669747               0
      540671195               0
      540672643               0
      540674091               0
      540675539               0
      540676987               0
      540678435               0
      540679883               0
      540679947               0
      540681395               0
      540682843               0
      540684291               0
      540685739               0
      540687187               0
      540688635               0
      540690083               0
      540691531               0
      540692979               0
      540694427               0
      540695875               0
      540697323               0
      540698771               0
      540700219               0
      540701667               0
      540703115               0
      540704563               0
      540706011               0
      540707459               0
      540708907               0
      540710355               0
      540711803               0
      540713251               0
      540713739               0
      540715187               0
      540716635               0
      540718083               0
      540719531               0
      540720979               0
      540722427               0
      540723875               0
      540725323               0
      540726771               0
      540728219               0
      540729667               0
      540731115               0
      540732563               0
      540734011               0
      540735459               0
      540736907               0
      540738355               0
      540739803               0
      540741251               0
      540742699               0
      540744147               0
      540745595               0
      540747043               0
      540748491               0
      540749939               0
      540751387               0
      540752835               0
      540754283               0
      540755731               0
      540757179               0
      540758627               0
      540760075               0
      540761523               0
      540762971               0
      540764419               0
      540765867               0
      540767315               0
      540768763               0
      540770211               0
      540771659               0
      540773107               0
      540774555               0
      540776003               0
      540777451               0
      540778899               0
      540780347               0
      540781795               0
      540783243               0
      540784691               0
      540786139               0
      540787587               0
      540789035               0
      540790483               0
      540791931               0
      540792587               0
      540794035               0
      540795483               0
      540796931               0
      540798379               0
      540799827               0
      540801275               0
      540802723               0
      540804171               0
      540805619               0
      540807067               0
      540808515               0
      540809963               0
      540811411               0
      540812859               0
      540814307               0
      540815755               0
      540817203               0
      540818651               0
      540820099               0
      540821547               0
      540822995               0
      540824443               0
      540825891               0
      540827339               0
      540828787               0
      540830235               0
      540831683               0
      540833131               0
      540834579               0
      540836027               0
      540837475               0
      540838923               0
      540839691               0
      540841139               0
      540842587               0
      540844035               0
      540845483               0
      540846931               0
      540848379               0
      540849827               0
      540851275               0
      540852723               0
      540854171               0
      540855619               0
      540857067               0
      540858515               0
      540859963               0
      540861411               0
      540862859               0
      540864307               0
      540865755               0
      540867203               0
      540868651               0
      540870099               0
      540871547               0
      540872459               0
      540873907               0
      540875355               0
      540876803               0
      540878251               0
      540879699               0
      540881147               0
      540882595               0
      540884043               0
      540885491               0
      540886939               0
      540888387               0
      540889835               0
      540891283               0
      540892731               0
      540894179               0
      540895627               0
      540897075               0
      540898523               0
      540899971               0
      540901419               0
      540902867               0
      540904315               0
      540905227               0
      540906675               0
      540908123               0
      540909571               0
      540911019               0
      540912467               0
      540913915               0
      540915363               0
      540916811               0
      540918259               0
      540919707               0
      540921155               0
      540922603               0
      540924051               0
      540925499               0
      540926947               0
      540928395               0
      540929843               0
      540931291               0
      540932739               0
      540934187               0
      540934923               0
      540936371               0
      540937819               0
