-499429.000000
370.000000
342.000000
663.000000
663.000000
517.000000
517.000000
997.000000
997.000000
621.000000
621.000000
570.000000
570.000000
583.000000
582.000000
616.000000
-473785.000000
354.000000
440.000000
648.000000
648.000000
651.000000
651.000000
746.000000
746.000000
604.000000
604.000000
2130.000000
1150.000000
392.000000
259882.000000
493.000000
144731.000000
667.000000
667.000000
644.000000
571.000000
308.000000
492.000000
492.000000
534.000000
534.000000
601.000000
38968.000000
550.000000
549.000000
713.000000
663.000000
524.000000
652.000000
556.000000
556.000000
595.000000
595.000000
554.000000
-239096.000000
406.000000
697.000000
-482349.000000
472.000000
353.000000
568.000000
568.000000
549.000000
549.000000
608.000000
608.000000
539.000000
540.000000
580.000000
