603.000000
603.000000
576.000000
576.000000
621.000000
620.000000
618.000000
617.000000
712.000000
523.000000
663.000000
663.000000
65435.000000
493.000000
458.000000
552.000000
32377.000000
5499.000000
474.000000
578.000000
722899.000000
336.000000
547.000000
564.000000
431.000000
550.000000
670.000000
457.000000
522.000000
724.000000
585.000000
429.000000
486.000000
603.000000
603.000000
38763.000000
14324.000000
708.000000
647.000000
508.000000
223670.000000
780.000000
693.000000
732.000000
564.000000
37520.000000
700.000000
667.000000
489.000000
599.000000
592.000000
593.000000
497.000000
497.000000
608.000000
608.000000
545.000000
615.000000
530195.000000
401.000000
370.000000
633.000000
633.000000
391502.000000
503.000000
504.000000
472.000000
600.000000
600.000000
702.000000
703.000000
624.000000
625.000000
77903.000000
429.000000
593.000000
593.000000
634.000000
240840.000000
406.000000
466.000000
612.000000
679.000000
679.000000
470.000000
37340.000000
619.000000
619.000000
592.000000
591.000000
501.000000
501.000000
733.000000
732.000000
631.000000
630.000000
579.000000
573.000000
448.000000
624.000000
447.000000
39328.000000
506.000000
34112.000000
511.000000
538.000000
618.000000
634.000000
634.000000
615.000000
615.000000
584.000000
681.000000
681.000000
428.000000
699.000000
698.000000
625.000000
625.000000
575.000000
461.000000
460.000000
652.000000
652.000000
527.000000
528.000000
570.000000
569.000000
570.000000
571.000000
674.000000
673.000000
607.000000
606.000000
636.000000
544.000000
543.000000
526.000000
454731.000000
357.000000
808.000000
656.000000
656.000000
774.000000
796.000000
796.000000
590.000000
590.000000
1226.000000
1226.000000
826.000000
825.000000
525.000000
713.000000
714.000000
550.000000
550.000000
641.000000
642.000000
576.000000
576.000000
624.000000
624.000000
640.000000
639.000000
601.000000
601.000000
541.000000
541.000000
631.000000
547.000000
547.000000
552.000000
603.000000
402.000000
336.000000
420.000000
419.000000
362.000000
555.000000
572.000000
625205.000000
597.000000
596.000000
618.000000
656.000000
280.000000
460.000000
535.000000
580.000000
